0.0
0.0038425911916419864
0.0038425911916419864
0.0038425911916419864
0.0038425911916419864
0.0038425911916419864
0.0038425911916419864
0.0038425911916419864
0.0038425911916419864
0.0038425911916419864
0.0038425911916419864
0.0038425911916419864
0.0038425911916419864
0.0038425911916419864
0.0038425911916419864
0.0038425911916419864
0.0038425911916419864
0.0038425911916419864
0.0038425911916419864
0.0038425911916419864
0.0038425911916419864
0.0
0.0038425911916419864
0.0038425911916419864
0.0
0.0038425911916419864
0.0
0.0038425911916419864
0.0038425911916419864
0.0038425911916419864
0.0038425911916419864
0.0038425911916419864
