0.0
0.004043333465233445
0.004043333465233445
0.004043333465233445
0.004043333465233445
9.756097570061684E-4
0.004043333465233445
0.004043333465233445
2.3474179033655673E-4
0.004043333465233445
0.0
0.004043333465233445
0.004043333465233445
0.004043333465233445
2.3474179033655673E-4
0.004043333465233445
0.004043333465233445
0.004043333465233445
0.004043333465233445
0.004043333465233445
0.004043333465233445
0.004043333465233445
0.004043333465233445
0.004043333465233445
2.3474179033655673E-4
0.004043333465233445
0.0
0.004043333465233445
0.004043333465233445
0.004043333465233445
2.3474179033655673E-4
0.004043333465233445
