0.0
0.0038425911916419864
0.0038425911916419864
0.0038425911916419864
0.0038425911916419864
0.003888231236487627
0.0038425911916419864
0.0038425911916419864
2.3474179033655673E-4
0.0038425911916419864
4.8543690354563296E-4
7.249378977576271E-4
0.0038425911916419864
0.0038425911916419864
0.0
0.0038425911916419864
0.0038425911916419864
0.0038425911916419864
0.0038425911916419864
0.0038425911916419864
0.0038425911916419864
2.3474179033655673E-4
0.0038425911916419864
0.0038425911916419864
2.3474179033655673E-4
0.0038425911916419864
0.0
0.0038425911916419864
0.0038425911916419864
0.0038425911916419864
7.249378977576271E-4
0.0038425911916419864
