0.532492350950839
0.5382984590379764
0.556957612454907
0.532492350950839
0.5403893362927725
0.5411637120733196
0.5350836123038629
0.5480501225349911
0.5429968688024019
0.5166362182765691
0.5177259195476255
0.516381531635141
0.5168980087400943
0.5175835255830996
0.5166362182765691
0.5165079836450263
0.556957612454907
0.5484239014832852
0.5500243258661146
0.5493571351491597
0.5167662329620848
0.5484146979405813
0.5122853818942916
0.5122188757170509
0.5424774966655637
0.5453443478876197
0.5438376374904101
0.5173040066305454
0.5450269603333403
0.5175835255830996
