0.5436647186330741
0.5508367694812104
0.556957612454907
0.5436647186330741
0.5283615300573327
0.556957612454907
0.5091051935981126
0.5076078118506928
0.5143492110208311
0.5146729080786725
0.5170723568133678
0.5150014164454875
0.5174341751881152
0.517800761653708
0.5163629797959838
0.5156726746954011
0.5150014164454875
0.5163629797959838
0.5140302535801331
0.5134066680011157
0.5153346510639325
0.5128021454738686
0.5422490248963163
0.5468581654665414
0.5103180990161647
0.5128021454738686
0.5156726746954011
0.5170723568133678
0.5167152866022703
0.5174341751881152
