0.531927727273404
0.5350578158997098
0.556957612454907
0.531927727273404
0.5378857232635209
0.5389694932151259
0.5141110728012127
0.5135677447529071
0.516541959035082
0.516541959035082
0.5179376129047112
0.5168403515435932
0.5172603213355487
0.5178207756576199
0.5170471851276295
0.5169429780182891
0.5162577542409685
0.5172603213355487
0.5161661945796343
0.5159877743804082
0.5167393035004557
0.5154131196087851
0.5137012328840355
0.5340037194694862
0.5486236729615416
0.5404259834315667
0.5452862709682095
0.556957612454907
0.5179376129047112
0.5482494914446905
