0.5485729499686919
0.5558315114861758
0.556957612454907
0.5485729499686919
0.556957612454907
0.5224396041667904
0.5115653384835582
0.5078032261866426
0.5159582586025172
0.5163112891866265
0.5177758193801122
0.5166695898054001
0.5156104289958751
0.5166695898054001
0.5156104289958751
0.5159582586025172
0.5142715118183349
0.5163112891866265
0.5149304956665386
0.5149304956665386
0.5156104289958751
0.5133222935020461
0.5384994164623236
0.5467624333152029
0.5102454119286424
0.5124202499426372
0.5156104289958751
0.5166695898054001
0.5159582586025172
0.5170330978009786
