0.532932214194184
0.5400292497426495
0.556957612454907
0.532932214194184
0.5415448035301504
0.5437639791299335
0.5505363482853538
0.5363519351133507
0.5500852717300587
0.5443745270605396
0.5183600014915478
0.556957612454907
0.517937938260696
0.547274791748405
0.5461936109981879
0.5181413910796341
0.5173217555717247
0.5178734956744678
0.5172758453517751
0.5171890901674974
0.5175765580812793
0.5169385494250724
0.5373557051039544
0.5370600377701998
0.5464655025590215
0.5484848791201808
0.5450190490575849
0.5180718939119455
0.5178734956744678
0.547274791748405
