0.5325635619041224
0.5393946185388564
0.5565710559266205
0.5325635619041224
0.5409068385514434
0.5412456027343336
0.5496191589818611
0.5150561593259385
0.5445576045683114
0.5166164173366533
0.5529364933353251
0.5498671168548362
0.5526403005198038
0.5561737698877919
0.5565710559266205
0.5455933384106849
0.5164007770630422
0.5171768619759748
0.516332159891707
0.5161998261363772
0.5167683632202161
0.51578818305426
0.5149291376739099
0.5149441415344163
0.53760930118635
0.5403081738465849
0.5168468007326145
0.5174415610451348
0.5171768619759748
0.5176262114232507
