0.533087926688118
0.5427204264758988
0.556957612454907
0.533087926688118
0.5214301873060069
0.5349742202843264
0.5093062380402613
0.5071965088776103
0.5141111639735841
0.5139024684207778
0.5171033135307003
0.5147556273925681
0.5158911359243027
0.5166092660465242
0.5149765939048586
0.5149765939048586
0.5132948168609937
0.5154277522363437
0.5130984137576085
0.5127147928114117
0.5145377257170741
0.5116376924201351
0.5403713157833112
0.556957612454907
0.5096834481676961
0.5119844474772576
0.5149765939048586
0.5163668136376351
0.5158911359243027
0.5168547504303073
