0.5320334610279299
0.539906029189805
0.5545936475499024
0.5320334610279299
0.5404621652884054
0.5411372404520497
0.5514773062305105
0.536516538636576
0.5485247121039826
0.5450872238671676
0.5557608359929866
0.5532379685235306
0.5521150296366379
0.5561949235236
0.556957612454907
0.5545936475499024
0.5147373579000463
0.5157204631230171
0.5146488432431583
0.5144771064176608
0.5152066784769721
0.5139321157584539
0.5125510283986981
0.5323886032524241
0.5350939462964568
0.5380545155432003
0.5153058649161316
0.5160500615357959
0.5157204631230171
0.5162786859299398
