0.53251426991548
0.5401763846748308
0.553474923940761
0.53251426991548
0.5408395998540253
0.5416214186336815
0.5364743896315504
0.5475830116426094
0.5432120392759825
0.5442124469416482
0.5146677502346286
0.5132948705602325
0.5138191063467628
0.5145211426354187
0.5135528229982496
0.5134228202328426
0.5513796894049846
0.5508112321805791
0.5563585726212267
0.556957612454907
0.5517022473764971
0.5493456003558571
0.5095474715943396
0.5289692779825022
0.5463149720308232
0.5439082806685023
0.5413036879648053
0.5157523052596702
0.5436924706806884
0.5149672653494562
