0.5324296393242137
0.5384247997437983
0.556957612454907
0.5324296393242137
0.5400794737129063
0.5407197023619561
0.5492886299392511
0.5149792335282566
0.5171398938772594
0.516892684513728
0.547833786841978
0.5446476655522514
0.556957612454907
0.5523276328792174
0.5514654050672404
0.549541455538415
0.5166600588171195
0.5174921475248442
0.5165857691679702
0.51644201662807
0.5170558719314092
0.5159899079362765
0.535547945773486
0.5397753399101958
0.5375676108982214
0.5405259997882007
0.5171398938772594
0.5177733747451277
0.5174921475248442
0.5179689368566072
