0.5323250880717054
0.5377090864491513
0.556957612454907
0.5323250880717054
0.5397866348000863
0.5405785114656367
0.5136682726014605
0.5130161029843296
0.516320556803834
0.5165370949943996
0.517848048306412
0.5167603383911215
0.5171077877337118
0.5177204708353259
0.5168744853623658
0.5167603383911215
0.5161107693076025
0.5171077877337118
0.5160083905653454
0.5158086561754279
0.5165370949943996
0.5151625937040416
0.5131411071751444
0.5383303235379847
0.5508647478659494
0.5451874400333948
0.556957612454907
0.5517298420507082
0.5512230876243367
0.5495519536564148
