0.5332637044702142
0.543399359932472
0.556957612454907
0.5462548643788854
0.5345317502765433
0.5357215809502163
0.5077883998422317
0.5063747090548046
0.511722168074478
0.511722168074478
0.5142271254570268
0.5126347304106098
0.5134105809672518
0.5142271254570268
0.5130175491889425
0.5126347304106098
0.5113749725829
0.5132128129326954
0.511547294898497
0.5108732528291363
0.5120795725227365
0.5096474193896452
0.5435653330910721
0.5443979697992458
0.530462297631628
0.5341061475895892
0.5126347304106098
0.513813759718208
0.5134105809672518
0.5140191649086332
