0.5433631965801707
0.5568702423728208
0.5383746193044414
0.551008453364051
0.5312364253740375
0.5313758897160477
0.4981488656320554
0.49905161361264405
0.4989007422706678
0.4985854210411493
0.49940795110927466
0.4992964732944608
0.4991899908070039
0.4992964732944608
0.4990885754000816
0.49881437481487706
0.498457931665971
0.4990885754000816
0.498457931665971
0.4982631880497197
0.4987330334113948
0.4981488656320554
0.5363570933533517
0.5391982264466364
0.5254125046259647
0.5270302673643884
0.49881437481487706
0.4992964732944608
0.4990885754000816
0.49940795110927466
