0.556957612454907
0.5056543831361842
0.5056543831361842
0.5056543831361842
0.5056543831361842
0.5056543831361842
0.5056543831361842
0.5056543831361842
0.5056543831361842
0.5056543831361842
0.5056543831361842
0.5056543831361842
0.5056543831361842
0.5056543831361842
0.5056543831361842
0.5056543831361842
0.5056543831361842
0.5056543831361842
0.5056543831361842
0.5056543831361842
0.5056543831361842
0.5056543831361842
0.5056543831361842
0.5056543831361842
0.5056543831361842
0.5056543831361842
0.5056543831361842
0.5056543831361842
0.5056543831361842
0.5056543831361842
