0.5268259294220514
0.5091713148267487
0.5530858103322968
0.5268259294220514
0.530548985690523
0.5282178320794928
0.5112423618857306
0.5389051338131803
0.5154940479566907
0.5154940479566907
0.5175458442935157
0.5159448394767842
0.5165670916773704
0.5173789317544053
0.5162529513383162
0.5160981460930937
0.5152010959245155
0.551153048646918
0.5416312639827682
0.5519545505918613
0.5159448394767842
0.5385518440469838
0.5101362233305333
0.5099887899335654
0.5114352968590297
0.5133200456300676
0.5159448394767842
0.5170496623848615
0.5165670916773704
0.5173789317544053
