0.53267392605278
0.5427783736576617
0.5540570531372297
0.53267392605278
0.5423339083868327
0.5434888992725483
0.5519679776161271
0.5367012076091291
0.5489727562407932
0.5447856612274105
0.555370004365315
0.556957612454907
0.5441252780268094
0.5540570531372297
0.5461335775013504
0.5467195045717211
0.513965317613934
0.5148074541287361
0.5138822008209039
0.5137221672559085
0.5143187513971508
0.5132278138482794
0.5323872903933882
0.5414235784329451
0.549418380005849
0.5471889994494655
0.5160660676453273
0.5152359461402533
0.5156977678429053
0.5160660676453273
