0.5327205711445732
0.5391517511629441
0.5560171814750721
0.5327205711445732
0.5408315539346352
0.5416855920526282
0.5335320693498351
0.5501606467426411
0.5417559253562427
0.5435490622006892
0.5166893344633697
0.5152513092312299
0.5158035173309143
0.5165369123335428
0.5155235889602642
0.5153864776622896
0.5544892351299796
0.5539860214358071
0.553976614464987
0.5516295356098652
0.555944683248846
0.5560171814750721
0.5109400465829744
0.530872223357245
0.5412477578877386
0.544156723643127
0.5426307218166746
0.516237806089039
0.5438668925361893
0.5165369123335428
