0.5318257133196947
0.5386982104985535
0.5547373434571605
0.5318257133196947
0.5398849219214181
0.5402573745090308
0.5129644632165449
0.5125568169145331
0.5152210522488131
0.515415080981802
0.5166039502185563
0.5156159166392831
0.5159299511581926
0.5164873582335961
0.5157189139544546
0.5156159166392831
0.5150338339273097
0.5159299511581926
0.5149427548887799
0.5147657602736427
0.515415080981802
0.5141998381396123
0.5126075554332435
0.5397840914874541
0.5504670002830176
0.5438688566834305
0.5564484238506964
0.5550656134566685
0.5566252942707781
0.5547373434571605
