0.547838172418019
0.5499295349153727
0.5379296640276581
0.547838172418019
0.5396645760664104
0.5569590508757079
0.49716966564309023
0.4973422628657392
0.49811880909225575
0.49811880909225575
0.4990396165541892
0.4982315058063904
0.4993592275393535
0.4993592275393535
0.49874513042047697
0.4984757584877222
0.4982315058063904
0.49874513042047697
0.49791222989917366
0.49773079990240915
0.4984757584877222
0.49764949833785876
0.5304137736642414
0.5379296640276581
0.4972562272485075
0.4978183632367728
0.49860732300279775
0.4990396165541892
0.4990396165541892
0.4991962758346926
