0.5321693289441639
0.5361520891922531
0.556957612454907
0.5321693289441639
0.5390822755997922
0.5398743444603746
0.5501760255842006
0.5367598395688138
0.5477931752019738
0.5468043970818842
0.5531964277401735
0.5536165152263699
0.553568895312343
0.5537907151167627
0.5516569124824984
0.556957612454907
0.5158149317060671
0.5169959685619404
0.5157059713982628
0.5154930837408891
0.5163846215949754
0.514800452084072
0.5126352508780522
0.5329068394863364
0.5358292147003172
0.5393154479962323
0.5165035686805626
0.517382739230708
0.5169959685619404
0.5176488939461704
