0.5316736074895244
0.541052154741647
0.5534428590696177
0.5316736074895244
0.5401659861320601
0.543370047270011
0.5495242112449806
0.5398053396435806
0.548651277551015
0.5453531404755788
0.556957612454907
0.5534428590696177
0.5440577021333888
0.5478929247993923
0.5490363344474845
0.5453770290215119
0.5158044120414718
0.5162194140657026
0.5157723882919745
0.5157134976301372
0.5159903953121199
0.5155615456053798
0.5359230931921551
0.5402347225301082
0.5446594255072847
0.5461446269956173
0.5427534210253601
0.5163774787273938
0.5162194140657026
0.5448093383589212
