0.5321539684767724
0.5366526326629345
0.556957612454907
0.5321539684767724
0.5390484439448335
0.5398488950888879
0.5140104424754579
0.5453684638111569
0.516488668297539
0.516588673622
0.5179151184705739
0.5167935472061299
0.5172227131172636
0.5177956723238981
0.5170049020363544
0.5168984111916187
0.5163902873624577
0.556957612454907
0.5473509631814761
0.543565992648804
0.5448898084403413
0.545817284180147
0.5135962390801492
0.5135568637123523
0.5140985122868937
0.5151091730372365
0.5167935472061299
0.5175616406820883
0.5172227131172636
0.5177956723238981
