0.5313205510981996
0.5323790734837114
0.5566546417090903
0.5313205510981996
0.5360845610269405
0.5375624383592515
0.5137829043024114
0.5130241387768255
0.5164099736644516
0.5165144241580297
0.5178887522422388
0.5168370675030366
0.5171736490790279
0.5177656736129123
0.5169477032463288
0.5168370675030366
0.5161059738293456
0.5171736490790279
0.5160077347718978
0.5158159458789175
0.5166204318146216
0.5151935070639364
0.5132231332713719
0.5334493307282204
0.5476042406311626
0.5403929011596978
0.5548711423806953
0.552206958610218
0.5171736490790279
0.5566546417090903
