0.549276736218703
0.5297711102641092
0.5325123895707117
0.549276736218703
0.5571314774922014
0.5325123895707117
0.5325123895707117
0.5325123895707117
0.5325123895707117
0.5325123895707117
0.5325123895707117
0.5325123895707117
0.5325123895707117
0.5325123895707117
0.5325123895707117
0.5325123895707117
0.5325123895707117
0.5325123895707117
0.5325123895707117
0.5325123895707117
0.5325123895707117
0.5325123895707117
0.5325123895707117
0.5371878855504287
0.5325123895707117
0.5325123895707117
0.5325123895707117
0.5325123895707117
0.5325123895707117
0.5325123895707117
