0.5269348748139762
0.5257101408419724
0.5515644748189565
0.5269348748139762
0.5319420896636661
0.5330767325433486
0.5331140158370329
0.5396245678730677
0.5411740762124453
0.5417171581584996
0.5176835752098891
0.5162517327348357
0.5168055400395114
0.5175332859226748
0.5165254869181385
0.5163878194928001
0.5494570801482914
0.5168055400395114
0.5435629147875896
0.553350874713557
0.5422731122963655
0.5428037168209439
0.511405518436913
0.5112992152675129
0.5335125359147789
0.5371879962356692
0.5162517327348357
0.5172374596169347
0.5168055400395114
0.5175332859226748
