0.5310267288162394
0.5284870724740474
0.556957612454907
0.5310267288162394
0.535925864730613
0.5348410903219347
0.5470467485553985
0.5312693398653329
0.5474182859986743
0.5434328191012167
0.556957612454907
0.5442839599498337
0.5458050446054808
0.5475453866382302
0.5493836280144722
0.5490826240902748
0.5157463096427399
0.516964679045605
0.5156329376658713
0.5154108472983877
0.5163362346328664
0.5146820386152235
0.5121712258343419
0.5325730074459051
0.5130845824739582
0.5143927812599308
0.5164588451444833
0.5173602236494007
0.516964679045605
0.517631605037994
