0.5419430134841374
0.5570756310249674
0.5056543831361842
0.5265753090798038
0.5056543831361842
0.5056543831361842
0.5056543831361842
0.5056543831361842
0.5056543831361842
0.5056543831361842
0.5056543831361842
0.5056543831361842
0.5056543831361842
0.5056543831361842
0.5056543831361842
0.5056543831361842
0.5056543831361842
0.5056543831361842
0.5056543831361842
0.5056543831361842
0.5056543831361842
0.5056543831361842
0.5056543831361842
0.5056543831361842
0.5056543831361842
0.5056543831361842
0.5056543831361842
0.5056543831361842
0.5056543831361842
0.5056543831361842
