0.5500940844671022
0.5639965506262293
0.5056543831361842
0.5056543831361842
0.5056543831361842
0.5056543831361842
0.5056543831361842
0.5056543831361842
0.5056543831361842
0.5056543831361842
0.5056543831361842
0.5056543831361842
0.5056543831361842
0.5056543831361842
0.5056543831361842
0.5056543831361842
0.5056543831361842
0.5056543831361842
0.5056543831361842
0.5056543831361842
0.5056543831361842
0.5056543831361842
0.5056543831361842
0.5056543831361842
0.5056543831361842
0.5056543831361842
0.5056543831361842
0.5056543831361842
0.5056543831361842
0.5056543831361842
