0.5504870221707405
0.5516535047591432
0.5366712330873503
0.5504870221707405
0.5569860149320705
0.541575257791008
0.4967017362670738
0.49744980824125584
0.49745133709860173
0.49756753530082876
0.4982687809682823
0.4978240040753004
0.49745133709860173
0.49769177955733884
0.49734313253660833
0.49756753530082876
0.49699044423454997
0.49756753530082876
0.49715077778009537
0.49715077778009537
0.49734313253660833
0.49681003218762715
0.5317575170391547
0.5366712330873503
0.496665513955858
0.49681003218762715
0.49745133709860173
0.4978240040753004
0.49756753530082876
0.4979642381394769
