0.532575853325693
0.5393027309279996
0.556957612454907
0.532575853325693
0.5406686265438226
0.5416265593832615
0.5353558440885757
0.5483263575390339
0.5430842658509614
0.5436306560160513
0.5177666298356113
0.516475017539172
0.5169701429422063
0.5176294083447355
0.5167189890458949
0.516596108619657
0.5503189704719431
0.553377418659359
0.556957612454907
0.5541625723789355
0.549908190246373
0.5496542728265852
0.5126806864722461
0.5126271044151886
0.5357221695101879
0.5391800713681345
0.5439102616363127
0.5173603165670484
0.5450801826296386
0.5176294083447355
