0.5460752367789358
0.5583641483703583
0.5056543831361842
0.5460752367789358
0.5627300069329038
0.5056543831361842
0.5056543831361842
0.5056543831361842
0.5056543831361842
0.5056543831361842
0.5056543831361842
0.5056543831361842
0.5056543831361842
0.5056543831361842
0.5056543831361842
0.5056543831361842
0.5056543831361842
0.5056543831361842
0.5056543831361842
0.5056543831361842
0.5056543831361842
0.5056543831361842
0.5056543831361842
0.5056543831361842
0.5056543831361842
0.5056543831361842
0.5056543831361842
0.5056543831361842
0.5056543831361842
0.5056543831361842
