0.5324885213369606
0.5365194807149302
0.556957612454907
0.5324885213369606
0.5399516298554552
0.5406765783625301
0.5341021426980648
0.5488569386689232
0.5426114992883063
0.5473444149399613
0.5175760771760529
0.5160494521577058
0.5166381273866435
0.5174151715204179
0.5163401323249525
0.516193868434808
0.5537332447916741
0.5538315954147305
0.5537503977602445
0.556957612454907
0.5537503977602445
0.5503116773738718
0.5111640351304817
0.5110166532921344
0.5417065178873707
0.5448092534866457
0.5435061704035711
0.5170988740470217
0.5447679547983402
0.5174151715204179
