0.5431879472822113
0.5566940102119518
0.5535425580987404
0.5508474767471193
0.5311166600141278
0.531254872932729
0.4981473295792288
0.4990515863749066
0.49889725584463807
0.4985825722979039
0.49940358250958866
0.49929228424648564
0.49918598715507245
0.49929228424648564
0.4990847457803015
0.498811052030764
0.4984553769244123
0.4990847457803015
0.4984553769244123
0.4982611779633473
0.49872987394428575
0.4981473295792288
0.5362097102177127
0.5390405600968192
0.5253310303904878
0.5269446004861142
0.498811052030764
0.49929228424648564
0.4990847457803015
0.49940358250958866
