0.5311094582948335
0.5282861748904627
0.556957612454907
0.5311094582948335
0.5337845342599904
0.5376541144056035
0.5474479654977689
0.5114679339487136
0.5441565491387805
0.5160009711395154
0.5478345248055536
0.5165060073223396
0.5173100698172869
0.556957612454907
0.5175904758704749
0.5456880839325504
0.5156384815071778
0.5169010634514937
0.5155207298712923
0.5152899331410735
0.5162504072387638
0.5145309574189731
0.5119772922088798
0.5117826538538672
0.5354937096678863
0.5392054687819601
0.5163774255195286
0.5173100698172869
0.5169010634514937
0.5175904758704749
