0.5483977684614474
0.5638436967900367
0.5056543831361842
0.5056543831361842
0.5056543831361842
0.5056543831361842
0.5056543831361842
0.5056543831361842
0.5056543831361842
0.5056543831361842
0.5056543831361842
0.5056543831361842
0.5056543831361842
0.5056543831361842
0.5056543831361842
0.5056543831361842
0.5056543831361842
0.5056543831361842
0.5056543831361842
0.5056543831361842
0.5056543831361842
0.5056543831361842
0.5056543831361842
0.5056543831361842
0.5056543831361842
0.5056543831361842
0.5056543831361842
0.5056543831361842
0.5056543831361842
0.5056543831361842
