0.5323322066999607
0.5375606202706761
0.556957612454907
0.5323322066999607
0.5397438630902133
0.5405667285016583
0.5356156681284006
0.5467211953306172
0.5432448798480735
0.5163299429970813
0.5178080718572153
0.5165593334099785
0.5170384684210728
0.5176755499768919
0.5167955058141592
0.5166765692503601
0.5495309390363489
0.5508054196130554
0.5486046332282986
0.5490580386134514
0.556957612454907
0.5507760232425011
0.5128604302538059
0.5331312014466244
0.5405202809239821
0.5434708550214767
0.5165593334099785
0.5174156414881812
0.5170384684210728
0.5176755499768919
