0.5331742357210872
0.5460789815242473
0.556957612454907
0.5331742357210872
0.5478023427004127
0.5487751896658565
0.5451674022045399
0.536581676331534
0.5512068300089412
0.5465764652686993
0.5174284244074598
0.5432815362721243
0.5446848451014576
0.549759764888941
0.543621758090345
0.5471481401937196
0.5150055662781343
0.5164294448584801
0.5148797497623986
0.5401744297671149
0.5426193786064121
0.5382586680409481
0.556957612454907
0.5448490461396317
0.5490305185235926
0.5518735989691191
0.5158237117981063
0.5169153729551607
0.5164294448584801
0.5172544035864821
