0.5321541149497809
0.5366607596497108
0.556957612454907
0.5321541149497809
0.5389815921365848
0.5399093217814352
0.5140167290725166
0.5134944168570366
0.5164914760185001
0.5165913616297675
0.5179162501584029
0.5167959847680726
0.5172246446327827
0.5177969454133763
0.5170070894878214
0.516900729048038
0.5162965728811978
0.5172246446327827
0.5162015469140157
0.5160163735343193
0.5166928629801589
0.5154193071013335
0.5136034241026921
0.5386436506204441
0.5496185190521112
0.5411891963003478
0.5554291543149529
0.5551356425710232
0.556957612454907
0.5177969454133763
