0.0018767450470477342
0.0023252121871337296
0.0023252121871337296
0.0023252121871337296
0.0023252121871337296
0.002395975519903004
0.0023252121871337296
0.0023252121871337296
3.6781164817512035E-4
0.0023252121871337296
0.0031085455557331443
0.0026585455518215893
0.0023252121871337296
0.0023252121871337296
0.0031085455557331443
0.0023252121871337296
0.0023252121871337296
0.0023252121871337296
0.0023252121871337296
0.0023252121871337296
0.0023252121871337296
1.1057693045586347E-4
0.0023252121871337296
0.0023252121871337296
1.1057693045586347E-4
0.0023252121871337296
0.0016126421513035893
0.0023252121871337296
0.0023252121871337296
0.0023252121871337296
0.0026585455518215893
0.0023252121871337296
