0.00121053620823659
0.0026646422455087306
0.0026646422455087306
0.0026646422455087306
0.0026646422455087306
3.6781164817512035E-4
0.0026646422455087306
0.0026646422455087306
3.6781164817512035E-4
0.0026646422455087306
3.6781164817512035E-4
0.0026646422455087306
0.0026646422455087306
0.0026646422455087306
1.1057693045586347E-4
0.0026646422455087306
0.0026646422455087306
0.0026646422455087306
0.0026646422455087306
0.0026646422455087306
0.0026646422455087306
0.0026646422455087306
0.0026646422455087306
0.0026646422455087306
0.002323315682588145
0.0026646422455087306
3.6781164817512035E-4
0.0026646422455087306
0.0026646422455087306
0.0026646422455087306
1.1057693045586347E-4
0.0026646422455087306
