0.00121053620823659
0.003701378684490919
0.003701378684490919
0.003701378684490919
0.003701378684490919
0.004134294274263084
0.003701378684490919
0.003701378684490919
9.738722816109658E-4
0.003701378684490919
0.0010407509515061974
0.003701378684490919
0.003701378684490919
0.003701378684490919
0.001623275247402489
0.003701378684490919
0.003701378684490919
0.003701378684490919
0.003701378684490919
0.003701378684490919
0.003701378684490919
1.1057693045586347E-4
0.003701378684490919
0.003701378684490919
0.0014066146512050181
0.003701378684490919
7.699175912421197E-4
0.003701378684490919
0.003701378684490919
0.003701378684490919
0.003701378684490919
0.003701378684490919
