0.00121053620823659
0.0024265470216050743
0.0024265470216050743
0.0024265470216050743
0.0024265470216050743
0.0024265470216050743
0.0024265470216050743
0.0024265470216050743
0.0024265470216050743
0.0024265470216050743
0.0024265470216050743
0.0024265470216050743
0.0024265470216050743
0.0024265470216050743
0.0024265470216050743
0.0024265470216050743
0.0024265470216050743
0.0024265470216050743
0.0024265470216050743
0.0024265470216050743
0.0024265470216050743
7.699175912421197E-4
0.0024265470216050743
0.0024265470216050743
7.699175912421197E-4
0.0024265470216050743
7.699175912421197E-4
0.0024265470216050743
0.0024265470216050743
0.0024265470216050743
0.0024265470216050743
0.0024265470216050743
