0.4901097031460201
0.48966228478259255
0.48828007859519373
0.48828007859519373
0.48828007859519373
0.48828007859519373
0.48828007859519373
0.48828007859519373
0.48828007859519373
0.48828007859519373
0.48828007859519373
0.48828007859519373
0.48828007859519373
0.48828007859519373
0.48828007859519373
0.48828007859519373
0.48828007859519373
0.48828007859519373
0.48828007859519373
0.48828007859519373
0.48828007859519373
0.48828007859519373
0.48828007859519373
0.48828007859519373
0.48828007859519373
0.48828007859519373
0.48828007859519373
0.48828007859519373
0.48828007859519373
0.48828007859519373
