0.48998845915536077
0.48828007859519373
0.48828007859519373
0.48828007859519373
0.48828007859519373
0.48828007859519373
0.48828007859519373
0.48828007859519373
0.48828007859519373
0.48828007859519373
0.48828007859519373
0.48828007859519373
0.48828007859519373
0.48828007859519373
0.48828007859519373
0.48828007859519373
0.48828007859519373
0.48828007859519373
0.48828007859519373
0.48828007859519373
0.48828007859519373
0.48828007859519373
0.48828007859519373
0.48828007859519373
0.48828007859519373
0.48828007859519373
0.48828007859519373
0.48828007859519373
0.48828007859519373
0.48828007859519373
