0.4897217497852134
0.488527928974436
0.48998845915536077
0.4897217497852134
0.488223909375939
0.48998845915536077
0.48921090004945395
0.4890178825007788
0.48985501127801506
0.48989376529797135
0.49017856920040836
0.4899330018620516
0.4902211846454606
0.4902642812054676
0.490094783928309
0.49001292689093606
0.4899330018620516
0.490094783928309
0.48981674137959047
0.48974165606409675
0.48997272366974925
0.4896685091932509
0.48899260680144113
0.48856126631770935
0.4893633863796347
0.4896685091932509
0.49001292689093606
0.49017856920040836
0.49013643482841524
0.4902211846454606
