0.4897915880776614
0.4886610436746672
0.4896232561994592
0.4897915880776614
0.48906996713877404
0.4899884029630878
0.48888452976299707
0.48868400211853874
0.48944119582822676
0.48944119582822676
0.4897652562666566
0.48948449253923104
0.4898668321263983
0.4898668321263983
0.48966767425056085
0.4895740842633664
0.48948449253923104
0.48966767425056085
0.48935760329191436
0.48927801210658
0.4895740842633664
0.48923971691154894
0.48861149963447964
0.4896232561994592
0.48899967516778065
0.4893173072741009
0.4896203797905453
0.4897652562666566
0.4897652562666566
0.4898155463684716
