0.4898157931907446
0.48866461971834046
0.48998845915536077
0.4898157931907446
0.48998845915536077
0.48830487875544837
0.4895138384694742
0.4890315300054427
0.49004623613574955
0.49008818931342785
0.4902612189146576
0.4901306649717635
0.4900048033433621
0.4901306649717635
0.4900048033433621
0.49004623613574955
0.48984430394301476
0.49008818931342785
0.48992350761532755
0.48992350761532755
0.4900048033433621
0.489729426482101
0.48912141300169376
0.48850528683840166
0.48934863532370226
0.489619269415514
0.4900048033433621
0.4901306649717635
0.49004623613574955
0.490173661467603
