0.4894866830199904
0.4885795419669912
0.4895300294412986
0.4894866830199904
0.4899816665971635
0.4895300294412986
0.4895300294412986
0.4895300294412986
0.4895300294412986
0.4895300294412986
0.4895300294412986
0.4895300294412986
0.4895300294412986
0.4895300294412986
0.4895300294412986
0.4895300294412986
0.4895300294412986
0.4895300294412986
0.4895300294412986
0.4895300294412986
0.4895300294412986
0.4895300294412986
0.4895300294412986
0.48899186677246886
0.4895300294412986
0.4895300294412986
0.4895300294412986
0.4895300294412986
0.4895300294412986
0.4895300294412986
