0.4901892088947847
0.48998381614729103
0.48828007859519373
0.48870866875166197
0.48828007859519373
0.48828007859519373
0.48828007859519373
0.48828007859519373
0.48828007859519373
0.48828007859519373
0.48828007859519373
0.48828007859519373
0.48828007859519373
0.48828007859519373
0.48828007859519373
0.48828007859519373
0.48828007859519373
0.48828007859519373
0.48828007859519373
0.48828007859519373
0.48828007859519373
0.48828007859519373
0.48828007859519373
0.48828007859519373
0.48828007859519373
0.48828007859519373
0.48828007859519373
0.48828007859519373
0.48828007859519373
0.48828007859519373
