0.4895172124183816
0.4881324504324304
0.48998845915536077
0.4895172124183816
0.48836672518009383
0.4884370580579323
0.4890999334615446
0.4887601460455988
0.4898389929372724
0.4898887753476049
0.49017504502193965
0.48993925549762257
0.49001628544804987
0.49014815099253983
0.4899647572334786
0.48993925549762257
0.48978990969879677
0.49001628544804987
0.4897656308510001
0.48971759622392924
0.4898887753476049
0.4895549907723056
0.4888546836659586
0.48875086337572743
0.48991824066020395
0.4895434330060843
0.48998845915536077
0.4899552838889755
0.49006397744155217
0.49018113260255763
