0.48952169129452
0.488084428993312
0.48998845915536077
0.48952169129452
0.4884358437439116
0.4884635366894575
0.48866341799334756
0.48828323277037367
0.4895775826353537
0.48962406188200575
0.4900971187145479
0.4897257020263619
0.48985695814038394
0.4899481223484193
0.4897582887759887
0.4896880882934194
0.48955494260325466
0.48988495062511195
0.4895235693380199
0.4894114814591007
0.4896610851515999
0.4892062981734284
0.48998845915536077
0.488419959582758
0.48877187049719095
0.4892234447801087
0.4897493994777222
0.48998970942740927
0.48988495062511195
0.490061021357375
