0.4895084204353441
0.4881418099024759
0.48998845915536077
0.4895084204353441
0.4883345869752357
0.4884608481003675
0.48908859172533226
0.4887501904613851
0.4898440295246037
0.4898686559119283
0.4901772868214282
0.4899184129575636
0.4900199466641969
0.49015064501176814
0.48996884390406265
0.48994354460388523
0.4897952836816837
0.4900199466641969
0.48977116315624347
0.48972342778849376
0.4898934500143462
0.489561673686711
0.48886089977496944
0.48876599942436094
0.48990406840102774
0.48955070937152256
0.48983285322647724
0.4899256160759727
0.48998845915536077
0.49015064501176814
