0.4894987935111064
0.48815644506272665
0.48998845915536077
0.4894987935111064
0.4883540310786621
0.48845231466783584
0.4890994843263385
0.48871687749682974
0.4898496401208365
0.4898496401208365
0.49017963834122047
0.4899233332496515
0.49002388948205056
0.4901532709283866
0.4899732835736488
0.4899482258670393
0.4897774247681258
0.49002388948205056
0.4897536830886004
0.48970669143379253
0.4898986046537972
0.48954740946752556
0.4888724540248404
0.488807047562637
0.4898959742827468
0.4894722156352975
0.4899196284471072
0.48998845915536077
0.49017963834122047
0.4901222923790634
