0.4895259174647998
0.4883592568830707
0.48998845915536077
0.4895259174647998
0.4882292859120186
0.4882397501142269
0.4889950920470963
0.48854175227183233
0.4897384892430798
0.4897086938697635
0.49015275607601105
0.4898296543120847
0.4899875144651589
0.49008577489045335
0.4898606344744287
0.4898606344744287
0.4896210850311787
0.48992348323407725
0.48959247562337127
0.4895361479125631
0.48979896964009734
0.48937429733494797
0.4886170488731719
0.48998845915536077
0.48906038122379153
0.4894270574305612
0.4898606344744287
0.4900527257109715
0.4899875144651589
0.4901191168568749
