0.4900800874861043
0.4896863210111706
0.48828007859519373
0.4900800874861043
0.4897598538863683
0.48828007859519373
0.48828007859519373
0.48828007859519373
0.48828007859519373
0.48828007859519373
0.48828007859519373
0.48828007859519373
0.48828007859519373
0.48828007859519373
0.48828007859519373
0.48828007859519373
0.48828007859519373
0.48828007859519373
0.48828007859519373
0.48828007859519373
0.48828007859519373
0.48828007859519373
0.48828007859519373
0.48828007859519373
0.48828007859519373
0.48828007859519373
0.48828007859519373
0.48828007859519373
0.48828007859519373
0.48828007859519373
