0.48953394782992965
0.4880794593583972
0.4899521229705453
0.48953394782992965
0.4884002028447357
0.4883535864470373
0.48941115784052813
0.4884557937733909
0.48976344630321483
0.4896665884865246
0.48996131875565485
0.48998845915536077
0.489985734147755
0.4899521229705453
0.49011570954708544
0.4901361445137641
0.4896544781202137
0.4899103091440285
0.48962717641163067
0.4895732469531187
0.48976593574242244
0.48939158941372685
0.48863859716990704
0.4885052993698961
0.4891660085714386
0.4893761277375715
0.4902476383524716
0.4900298439282631
0.4901529579839639
0.4902476383524716
