0.48952453078284897
0.4881349302402815
0.48998845915536077
0.48952453078284897
0.48836177354765603
0.48847766497606004
0.48902863351294384
0.4898564411950214
0.4897690404233646
0.4899606681922915
0.4901727024705852
0.4899094950577078
0.4900125759724065
0.49014555745547267
0.4899606681922915
0.48993498940182906
0.48998845915536077
0.4898849687892659
0.4896966706682137
0.48977058203015567
0.489986530161705
0.48967744445305195
0.48885414013366624
0.4888225722459214
0.48901168851154064
0.4893454647947759
0.4898408300142399
0.49009181539281854
0.4899375829649833
0.49014555745547267
