0.4895198017193704
0.4881353581834892
0.48998845915536077
0.4895198017193704
0.48838574145521224
0.48843104691872513
0.4890385120059073
0.48983834215711075
0.4897739670224522
0.4898645062739267
0.4901752477938064
0.4899145358714308
0.4900167102753277
0.4901483855311425
0.48996527038550286
0.4899398151426539
0.4896325831073367
0.4898882957254704
0.4896818774533608
0.4897274204641247
0.48998845915536077
0.48965947953121347
0.4888762491016364
0.48878451155890723
0.4890391696109869
0.48937213159856047
0.4899145358714308
0.49009518703237553
0.4900167102753277
0.4901483855311425
