0.48949777711484166
0.4881161658092193
0.48998845915536077
0.48949777711484166
0.48825533520650705
0.4884840889110541
0.48989617824362874
0.48864863715845447
0.4899056682463242
0.48982914764470675
0.4900992742485949
0.4898362182686226
0.48998845915536077
0.489969937290837
0.48990309798434484
0.4899256967033824
0.4897541431474927
0.4900100440354989
0.48972947711806153
0.4896806525456079
0.4898799930312339
0.489515074365339
0.4887945736272401
0.4887235191092982
0.489047890532822
0.48939728979016767
0.4899056682463242
0.4900900875492548
0.4900100440354989
0.4901442865728294
