0.48954523784602505
0.488134861360964
0.4899900643930588
0.48954523784602505
0.48833608388522953
0.4884837932438391
0.48905529751973803
0.48871512748475054
0.4898009918019241
0.48985140084174733
0.4901415795650711
0.48990253216139523
0.48998058907394654
0.4901142966023381
0.4899283698444472
0.48990253216139523
0.4897513093130508
0.48998058907394654
0.48972674051486426
0.4896781452189707
0.48985140084174733
0.489513785821359
0.4888095062594411
0.48870541555988406
0.4899438630307769
0.4895418590839826
0.4899838282244392
0.4900031950246936
0.48998203595218315
0.4899900643930588
