0.4895228434815545
0.48811639644178517
0.48998845915536077
0.4895228434815545
0.48840088303774876
0.48840405120606695
0.48900680620377174
0.48986011746208374
0.4897604719088147
0.48980908747918983
0.4901690320172214
0.4899014513463133
0.49000625148119037
0.4901414372534153
0.4899534786072535
0.48992737225510913
0.4897137264955698
0.4899097502402954
0.48998845915536077
0.48978112245578825
0.48981247604971906
0.489643098496679
0.4888275884500209
0.48879542489574146
0.489044263482014
0.48939100717870887
0.4898335422985896
0.49008680640789176
0.4899320388140446
0.4901414372534153
