0.4896749060788786
0.4883248219900085
0.49017782394575726
0.4896749060788786
0.4885696141145389
0.4886642861029201
0.4891802999232271
0.4899853177591603
0.4898711340963965
0.4899158427052928
0.4901894287940059
0.48994603475231985
0.49004142437972875
0.4901643514711428
0.48999340139522585
0.4899696354550871
0.4901701680236452
0.49004142437972875
0.4898307617421632
0.48965204779435634
0.48996097581229314
0.4896224138154522
0.48896118671923056
0.4889313370919581
0.4892146870420773
0.4895324628802606
0.48994603475231985
0.4901146894106389
0.49004142437972875
0.4901643514711428
