0.48951218068045094
0.48824084568563114
0.48998845915536077
0.48951218068045094
0.48841281123925456
0.4885197786688838
0.4898892859573096
0.4888102401105472
0.4898677495248557
0.489876207598985
0.490104308673889
0.48996982826670726
0.49011509553812843
0.48998845915536077
0.49016480646897304
0.4899769787779431
0.4898076870832135
0.49004173652447514
0.4897851705532733
0.48974062302586885
0.48992269514805115
0.4895898015708726
0.4889859144499369
0.4889247515991866
0.489157307069813
0.48947122628855616
0.48994618067845114
0.49011509553812843
0.49004173652447514
0.49016480646897304
