0.48952001483431895
0.488152363872784
0.48998845915536077
0.48952001483431895
0.48839804278733895
0.48844228829197683
0.4899079448214925
0.4886614345223959
0.4898215769170607
0.4897308195814488
0.4900379846999096
0.4897937081982745
0.4899079890033895
0.48999113968334446
0.48983901638986477
0.48998845915536077
0.4897757962572162
0.490022307842341
0.489752098073562
0.48970522511756565
0.4898968861416097
0.48954663855102226
0.4889140374308936
0.4888072447179142
0.4890936089706478
0.48942744402050437
0.4899216245586236
0.4900996362941605
0.490022307842341
0.49015205161554226
