0.4895449718965591
0.489755295935996
0.48998845915536077
0.4889814283731618
0.488301985251976
0.4884083989518073
0.48906772263705156
0.48877825784891255
0.48971461234203595
0.48971461234203595
0.4900866863896002
0.48985235198752375
0.48996737465194273
0.4900866863896002
0.4899093266723619
0.48985235198752375
0.4896614002673078
0.4899382169247128
0.48968787168322453
0.4895835962471736
0.48976890212536955
0.4893879753753182
0.4888708949811983
0.488855161874154
0.4890538365936516
0.4893344607703157
0.48985235198752375
0.4900264949809451
0.48996737465194273
0.49005645616786575
