0.49009662026027917
0.48971519288810933
0.48828007859519373
0.48828007859519373
0.48828007859519373
0.48828007859519373
0.48828007859519373
0.48828007859519373
0.48828007859519373
0.48828007859519373
0.48828007859519373
0.48828007859519373
0.48828007859519373
0.48828007859519373
0.48828007859519373
0.48828007859519373
0.48828007859519373
0.48828007859519373
0.48828007859519373
0.48828007859519373
0.48828007859519373
0.48828007859519373
0.48828007859519373
0.48828007859519373
0.48828007859519373
0.48828007859519373
0.48828007859519373
0.48828007859519373
0.48828007859519373
0.48828007859519373
