0.4895276269434507
0.4881294323572806
0.4899702830349729
0.4895276269434507
0.4884092063671155
0.4884439313101136
0.48898288412923535
0.4898875120094813
0.4897361138230459
0.4898848727261651
0.4901475741572572
0.48987723759866003
0.48998295543649284
0.49011963503894884
0.48992969256139224
0.48990336360710346
0.48980451050154
0.4899205947625589
0.48978156624771446
0.4896998704947899
0.48995257673985465
0.4899702830349729
0.488829164655916
0.48873099911196843
0.488962307508949
0.4893030599616675
0.48981005132965466
0.49006436002878867
0.48990993884252665
0.49011963503894884
