0.4895291070748642
0.4881575551659603
0.48998845915536077
0.4895291070748642
0.48845446690062855
0.488427722262926
0.48903941006003265
0.48986899258680017
0.489771309462523
0.48981566975641677
0.4901733550159171
0.48991153357597644
0.4900139827132642
0.4901463190360078
0.4899623781075242
0.48993685971584633
0.48976232236564715
0.48990097141665795
0.48984473514852633
0.48998845915536077
0.48984473514852633
0.48957564846485724
0.48888869284178466
0.4888425532846042
0.48901778851712846
0.4893483488300971
0.48984274123381755
0.4900928154325529
0.4899391133917646
0.4901463190360078
