0.48950305053953125
0.4881909220336968
0.4899991212133819
0.48950305053953125
0.48838646054206336
0.4884804601255681
0.4891422706961487
0.4887634943479132
0.4898598359808239
0.48988377764002305
0.49018366241094946
0.4899565718060326
0.49003081797722314
0.4901577850672221
0.48998115889976085
0.4899565718060326
0.48978898033463303
0.49003081797722314
0.4897656854808659
0.4897195817689653
0.48990788027572607
0.4895633191658363
0.4889014425806606
0.4888413906062506
0.48990234068842287
0.48951137635871905
0.4897518199985019
0.48994575053646894
0.49003081797722314
0.4899991212133819
