0.48950839146480096
0.48814019944061426
0.48998845915536077
0.48950839146480096
0.4883622635803532
0.4884320459871031
0.4890873530708865
0.48982295261832953
0.48984347650225635
0.4898681264832517
0.49017706402065486
0.48991793288446317
0.49001956630615556
0.49015039436161084
0.4899684131170005
0.4899430881206991
0.4898189954800898
0.48998845915536077
0.489749328891109
0.4897767787305033
0.489893942239829
0.4895928782462686
0.4888594842093016
0.48882697995062685
0.4891249615780692
0.48947205740593136
0.48991793288446317
0.49009755938063965
0.49001956630615556
0.49015039436161084
