0.48949356216270273
0.48815459555753365
0.48998845915536077
0.48949356216270273
0.4883578163419323
0.4882501609759014
0.48990954387983177
0.4884963864247315
0.48971985576040716
0.4897310658529805
0.490186482173731
0.48998845915536077
0.4900132944224787
0.49004162331483925
0.4899383839289329
0.49009910375428645
0.4897121312473748
0.48998504097075835
0.4896858038445244
0.48963367769969784
0.4898463971772194
0.4894567727575725
0.48868776258656366
0.4886335026997148
0.48893699015550135
0.4892945836016095
0.48980837755912066
0.4900703255913728
0.48998504097075835
0.49004162331483925
