0.4895031122865934
0.4882312461432494
0.48998845915536077
0.4895031122865934
0.48844661661888783
0.4884789437974316
0.48988796156596165
0.4887674652260362
0.48976179172034495
0.48979888703406366
0.48998845915536077
0.4898641044458031
0.48997347217648424
0.4900804826188246
0.4899078656564123
0.48988709368090205
0.48980454344248014
0.49003995911902226
0.489781885303803
0.4897370526237029
0.48992024365314263
0.4895852115931276
0.4889447286404335
0.4888797464295369
0.48921293445872666
0.4895225547497822
0.4899438653249919
0.49011371184029817
0.49003995911902226
0.49016368196959403
