0.48955144131555595
0.48810338387476715
0.4900021000696186
0.48955144131555595
0.4884181993684108
0.48823182464027626
0.48995836168191825
0.4884238076815686
0.4897321150828964
0.48965922518820487
0.48998845915536077
0.4900021000696186
0.48993483099795954
0.4899991345463906
0.48993627678678076
0.49006816317740604
0.4896526338173511
0.4899304822231869
0.48962587148467257
0.48957290565569445
0.48978923520972695
0.48939339787405817
0.488629353216094
0.48855917351777767
0.4889124479028482
0.48926304513034746
0.4897731495008064
0.4900174544673438
0.4899304822231869
0.49001549523818627
