0.4898337251071467
0.4886689444908658
0.48959557581117763
0.4898337251071467
0.4899873495932114
0.48905271086202784
0.48904166847132075
0.4885967009747124
0.4895370360683282
0.4895901463580461
0.48987586692561474
0.48970040389546304
0.4895370360683282
0.4896446029188505
0.4894852705075
0.4895901463580461
0.48929166816734526
0.4895901463580461
0.4893857762486908
0.4893857762486908
0.4894852705075
0.48916060706684156
0.48869791560821135
0.48959557581117763
0.488934856670622
0.48916060706684156
0.4895370360683282
0.48970040389546304
0.4895901463580461
0.489757547561476
