0.489544942084824
0.4881196790318915
0.48998335531702386
0.489544942084824
0.48836343426042267
0.4884378127581272
0.48995460821627895
0.4885536049845717
0.4898417344680495
0.4896862421737206
0.48997828304695085
0.48986419910205725
0.48996829229476097
0.48998334828400897
0.48998845915536077
0.48998335531702386
0.48970671896918444
0.48996633996149946
0.4896818014138021
0.4896325372242237
0.48983415622142523
0.48946611166933346
0.4888244358500343
0.48870286203139546
0.4890211184085564
0.4893534310113244
0.4898602140514854
0.49004792386462587
0.48996633996149946
0.4901032590493176
