0.4897022229515541
0.48999344289992575
0.489917189060758
0.4890307700420077
0.48824832303002064
0.4883051503836792
0.48902681675623594
0.4885415547675169
0.4895261710328907
0.4893677541954175
0.48974188512957156
0.48969717134344826
0.4896532418989506
0.48969717134344826
0.48961009900339225
0.4894853873378622
0.4892932677359462
0.48961009900339225
0.4892932677359462
0.4891537421402473
0.48944538949203564
0.48902681675623594
0.4886881359538371
0.48900725467413847
0.48873780965857055
0.48896656423390605
0.4894853873378622
0.48969717134344826
0.48961009900339225
0.48974188512957156
