0.4895404409722256
0.48813182783647074
0.4899437473837112
0.4895404409722256
0.4884288032237696
0.48843363387614375
0.48885950482507384
0.4890798791954994
0.4896299527733615
0.4897321253832818
0.4900923576556155
0.4898102877787661
0.4899204124776754
0.4900631378855283
0.489864899228538
0.4898374813312931
0.4897465763955677
0.4898711989824805
0.4899796808417955
0.48998845915536077
0.489858281504328
0.48965433613314246
0.4887394983387796
0.4886437549899822
0.48902202828408736
0.489275035713637
0.489829222489631
0.4903031869940928
0.4900135249103458
0.4901514726858121
