0.4896202950445843
0.48839768959797936
0.4901244998369103
0.4896202950445843
0.4886096209472161
0.4886450271002182
0.48923250130368756
0.4899330113377696
0.4899016385628006
0.4899016385628006
0.49019960611956503
0.48996803202548267
0.4900587685442669
0.490175739370222
0.4900130841603803
0.48999047958865144
0.4898581678502772
0.49013615163541097
0.48986916344872017
0.4895635418018393
0.48996803202548267
0.4896485706663032
0.4890335827389623
0.48900537056655025
0.4892654920782301
0.48957161083136624
0.48996803202548267
0.49012847775968477
0.4900587685442669
0.490175739370222
