0.489501202734281
0.4881019593639291
0.48998098764372605
0.489501202734281
0.4882745737296002
0.4884156580705095
0.48989723400020374
0.48862309875749904
0.4898486198682643
0.489815120793811
0.4900262785224697
0.4897786088166299
0.4899129869365544
0.4899717776766347
0.48998098764372605
0.48994694472431694
0.48973928048070986
0.48999806564026177
0.48971434306888406
0.489664982061316
0.48986653687033926
0.4894976169999511
0.48880461708859446
0.4887530413035617
0.48904470716294984
0.48937907026566485
0.4898925005717368
0.4900790298393966
0.48999806564026177
0.4901338587114331
