0.48969733363847895
0.4899885244392
0.48961908755133265
0.48902636226757534
0.48824414472691535
0.48830093147580134
0.48902711929895615
0.4885415601296236
0.48952685773919324
0.48936831532716196
0.48974274546531577
0.4896979963510401
0.48965403042086014
0.4896979963510401
0.4896108532719207
0.4894860418236988
0.489293770959053
0.4896108532719207
0.489293770959053
0.48915413807066965
0.4894460118179951
0.48902711929895615
0.48868327484327606
0.4890023077637035
0.4887352156906023
0.4889640229746874
0.4894860418236988
0.4896979963510401
0.4896108532719207
0.48974274546531577
