0.0012085930133859317
0.0
0.0
0.0
1.9079055588614816E-4
0.0
0.0
0.0
0.0
1.9079055588614816E-4
0.0
0.0
0.0
0.0
1.9079055588614816E-4
0.0
0.0
0.0
0.0
1.9079055588614816E-4
1.9079055588614816E-4
1.9079055588614816E-4
1.9079055588614816E-4
1.9079055588614816E-4
1.9079055588614816E-4
1.9079055588614816E-4
1.9079055588614816E-4
1.9079055588614816E-4
1.9079055588614816E-4
1.9079055588614816E-4
1.9079055588614816E-4
1.9079055588614816E-4
0.0
0.0
1.9079055588614816E-4
0.0
0.0
1.9079055588614816E-4
0.0
1.9079055588614816E-4
0.0
0.0
0.0
1.9079055588614816E-4
1.9079055588614816E-4
0.0
1.9079055588614816E-4
0.0
3.585227260676523E-4
1.9079055588614816E-4
0.0
0.10000000149011612
1.9079055588614816E-4
1.9079055588614816E-4
1.9079055588614816E-4
1.9079055588614816E-4
1.9079055588614816E-4
1.9079055588614816E-4
1.9079055588614816E-4
1.9079055588614816E-4
1.9079055588614816E-4
1.9079055588614816E-4
0.0
1.9079055588614816E-4
1.9079055588614816E-4
0.0
0.0
1.9079055588614816E-4
0.0
1.9079055588614816E-4
0.0
0.0
1.9079055588614816E-4
1.9079055588614816E-4
1.9079055588614816E-4
1.9079055588614816E-4
1.9079055588614816E-4
0.0
1.9079055588614816E-4
1.9079055588614816E-4
0.0
1.9079055588614816E-4
1.9079055588614816E-4
1.9079055588614816E-4
1.9079055588614816E-4
1.9079055588614816E-4
1.9079055588614816E-4
1.9079055588614816E-4
1.9079055588614816E-4
1.9079055588614816E-4
1.9079055588614816E-4
1.9079055588614816E-4
1.9079055588614816E-4
1.9079055588614816E-4
1.9079055588614816E-4
1.9079055588614816E-4
1.9079055588614816E-4
1.9079055588614816E-4
1.9079055588614816E-4
1.9079055588614816E-4
1.9079055588614816E-4
1.9079055588614816E-4
1.9079055588614816E-4
1.9079055588614816E-4
1.9079055588614816E-4
1.9079055588614816E-4
1.9079055588614816E-4
1.9079055588614816E-4
1.9079055588614816E-4
1.9079055588614816E-4
1.9079055588614816E-4
1.9079055588614816E-4
1.9079055588614816E-4
1.9079055588614816E-4
