0.001994647489239772
0.0
0.0
0.0
2.64938749508777E-4
0.0
0.0
0.0
0.0
2.64938749508777E-4
0.0
0.0
0.0
0.0
2.64938749508777E-4
0.0
5.039381721871905E-4
5.039381721871905E-4
5.039381721871905E-4
2.64938749508777E-4
2.64938749508777E-4
5.039381721871905E-4
2.64938749508777E-4
2.64938749508777E-4
2.64938749508777E-4
2.64938749508777E-4
2.64938749508777E-4
2.64938749508777E-4
2.64938749508777E-4
2.64938749508777E-4
2.64938749508777E-4
2.64938749508777E-4
0.0
0.0
2.64938749508777E-4
0.09333333472410837
0.0
2.64938749508777E-4
0.0
2.64938749508777E-4
0.0
0.0
0.0
2.64938749508777E-4
2.64938749508777E-4
0.0
2.64938749508777E-4
5.039381721871905E-4
5.039381721871905E-4
2.64938749508777E-4
5.039381721871905E-4
5.039381721871905E-4
2.64938749508777E-4
2.64938749508777E-4
2.64938749508777E-4
2.64938749508777E-4
2.64938749508777E-4
2.64938749508777E-4
2.64938749508777E-4
2.64938749508777E-4
2.64938749508777E-4
2.64938749508777E-4
0.0
2.64938749508777E-4
2.64938749508777E-4
0.0
0.0
2.64938749508777E-4
0.0
2.64938749508777E-4
0.0
0.0
2.64938749508777E-4
2.64938749508777E-4
2.64938749508777E-4
2.64938749508777E-4
2.64938749508777E-4
5.039381721871905E-4
2.64938749508777E-4
2.64938749508777E-4
2.64938749508777E-4
2.64938749508777E-4
2.64938749508777E-4
2.64938749508777E-4
2.64938749508777E-4
2.64938749508777E-4
2.64938749508777E-4
2.64938749508777E-4
2.64938749508777E-4
2.64938749508777E-4
2.64938749508777E-4
2.64938749508777E-4
2.64938749508777E-4
2.64938749508777E-4
2.64938749508777E-4
2.64938749508777E-4
2.64938749508777E-4
2.64938749508777E-4
2.64938749508777E-4
2.64938749508777E-4
2.64938749508777E-4
2.64938749508777E-4
2.64938749508777E-4
2.64938749508777E-4
2.64938749508777E-4
2.64938749508777E-4
2.64938749508777E-4
2.64938749508777E-4
2.64938749508777E-4
2.64938749508777E-4
2.64938749508777E-4
2.64938749508777E-4
2.64938749508777E-4
2.64938749508777E-4
