0.0012085930133859317
0.0
0.0
0.0
1.2201841454952955E-4
0.0
0.0
0.0
0.0
1.2201841454952955E-4
0.0
0.0
0.0
0.0
1.2201841454952955E-4
0.0
3.585227260676523E-4
1.7584963109887515E-4
1.8872064150248963E-4
1.2201841454952955E-4
1.2201841454952955E-4
1.8872064150248963E-4
1.2201841454952955E-4
1.2201841454952955E-4
1.2201841454952955E-4
1.2201841454952955E-4
1.2201841454952955E-4
1.2201841454952955E-4
1.2201841454952955E-4
1.2201841454952955E-4
1.2201841454952955E-4
1.2201841454952955E-4
0.0
0.0
1.2201841454952955E-4
0.0
0.0
1.2201841454952955E-4
0.0
1.2201841454952955E-4
0.0
0.0
0.0
1.2201841454952955E-4
1.2201841454952955E-4
0.0
1.2201841454952955E-4
1.8872064150248963E-4
5.290463411559661E-4
1.2201841454952955E-4
1.7584963109887515E-4
1.8872064150248963E-4
1.2201841454952955E-4
1.2201841454952955E-4
1.2201841454952955E-4
1.2201841454952955E-4
1.2201841454952955E-4
1.2201841454952955E-4
1.2201841454952955E-4
1.2201841454952955E-4
1.2201841454952955E-4
1.2201841454952955E-4
0.0
1.2201841454952955E-4
1.2201841454952955E-4
0.0
0.0
1.2201841454952955E-4
0.0
1.2201841454952955E-4
0.0
0.10000000149011612
1.2201841454952955E-4
1.2201841454952955E-4
1.2201841454952955E-4
1.2201841454952955E-4
1.2201841454952955E-4
3.585227260676523E-4
1.2201841454952955E-4
1.2201841454952955E-4
1.8872064150248963E-4
1.2201841454952955E-4
1.2201841454952955E-4
1.2201841454952955E-4
1.2201841454952955E-4
1.2201841454952955E-4
1.2201841454952955E-4
1.2201841454952955E-4
1.2201841454952955E-4
1.2201841454952955E-4
1.2201841454952955E-4
1.2201841454952955E-4
1.2201841454952955E-4
1.2201841454952955E-4
1.2201841454952955E-4
1.2201841454952955E-4
1.2201841454952955E-4
1.2201841454952955E-4
1.2201841454952955E-4
1.2201841454952955E-4
1.2201841454952955E-4
1.2201841454952955E-4
1.2201841454952955E-4
1.2201841454952955E-4
1.2201841454952955E-4
1.2201841454952955E-4
1.2201841454952955E-4
1.2201841454952955E-4
1.2201841454952955E-4
1.2201841454952955E-4
1.2201841454952955E-4
1.2201841454952955E-4
1.2201841454952955E-4
1.2201841454952955E-4
