0.0012085930133859317
0.0
0.0
0.0
3.2920332305366176E-4
0.0
0.0
0.0
0.0
3.2920332305366176E-4
0.0
0.0
0.0
0.0
3.2920332305366176E-4
0.0
3.621598977285127E-4
2.3051218352823828E-4
2.3051218352823828E-4
3.2920332305366176E-4
3.2920332305366176E-4
2.3051218352823828E-4
3.2920332305366176E-4
3.2920332305366176E-4
3.2920332305366176E-4
3.2920332305366176E-4
3.2920332305366176E-4
3.2920332305366176E-4
3.2920332305366176E-4
3.2920332305366176E-4
3.2920332305366176E-4
3.2920332305366176E-4
0.0
0.0
3.2920332305366176E-4
0.0
0.0
3.2920332305366176E-4
0.0
3.2920332305366176E-4
0.0
0.0
0.0
3.2920332305366176E-4
3.2920332305366176E-4
0.0
3.2920332305366176E-4
0.10000000149011612
2.2882655806218585E-4
3.2920332305366176E-4
1.9952771787454064E-4
2.3051218352823828E-4
3.2920332305366176E-4
3.2920332305366176E-4
3.2920332305366176E-4
3.2920332305366176E-4
3.2920332305366176E-4
3.2920332305366176E-4
3.2920332305366176E-4
3.2920332305366176E-4
3.2920332305366176E-4
3.2920332305366176E-4
0.0
3.2920332305366176E-4
3.2920332305366176E-4
0.0
0.0
3.2920332305366176E-4
0.0
3.2920332305366176E-4
0.0
0.0
3.2920332305366176E-4
3.2920332305366176E-4
3.2920332305366176E-4
3.2920332305366176E-4
3.2920332305366176E-4
0.0
3.2920332305366176E-4
3.2920332305366176E-4
2.3051218352823828E-4
3.2920332305366176E-4
3.2920332305366176E-4
3.2920332305366176E-4
3.2920332305366176E-4
3.2920332305366176E-4
3.2920332305366176E-4
3.2920332305366176E-4
3.2920332305366176E-4
3.2920332305366176E-4
3.2920332305366176E-4
3.2920332305366176E-4
3.2920332305366176E-4
3.2920332305366176E-4
3.2920332305366176E-4
3.2920332305366176E-4
3.2920332305366176E-4
3.2920332305366176E-4
3.2920332305366176E-4
3.2920332305366176E-4
3.2920332305366176E-4
3.2920332305366176E-4
3.2920332305366176E-4
3.2920332305366176E-4
3.2920332305366176E-4
3.2920332305366176E-4
3.2920332305366176E-4
3.2920332305366176E-4
3.2920332305366176E-4
3.2920332305366176E-4
3.2920332305366176E-4
3.2920332305366176E-4
3.2920332305366176E-4
3.2920332305366176E-4
