0.005221815252055725
0.003141794896995028
0.0
0.0
5.215584067627787E-4
0.0
0.0
0.0
0.0
5.215584067627787E-4
0.0
0.0
0.0
0.005477721352751056
5.215584067627787E-4
0.0
2.2882655806218585E-4
0.0024457199033349752
4.2283699488810577E-4
5.215584067627787E-4
5.215584067627787E-4
4.2283699488810577E-4
5.215584067627787E-4
5.215584067627787E-4
5.215584067627787E-4
5.215584067627787E-4
5.215584067627787E-4
5.215584067627787E-4
5.215584067627787E-4
5.215584067627787E-4
5.215584067627787E-4
5.215584067627787E-4
0.0
0.0
5.215584067627787E-4
0.0010615839157253504
0.0
5.215584067627787E-4
0.0
5.215584067627787E-4
0.0
0.003919656295329333
0.0
5.215584067627787E-4
5.215584067627787E-4
0.014198052324354648
5.215584067627787E-4
4.2283699488810577E-4
0.0024457199033349752
5.215584067627787E-4
0.0024457199033349752
4.2283699488810577E-4
5.215584067627787E-4
5.215584067627787E-4
5.215584067627787E-4
5.215584067627787E-4
5.215584067627787E-4
5.215584067627787E-4
5.215584067627787E-4
5.215584067627787E-4
5.215584067627787E-4
5.215584067627787E-4
0.0
5.215584067627787E-4
5.215584067627787E-4
0.008149616916974385
0.0
5.215584067627787E-4
0.0
5.215584067627787E-4
0.0
0.0010395448577279847
5.215584067627787E-4
5.215584067627787E-4
5.215584067627787E-4
5.215584067627787E-4
5.215584067627787E-4
0.0030031082802452146
5.215584067627787E-4
5.215584067627787E-4
2.3051218352823828E-4
5.215584067627787E-4
5.215584067627787E-4
5.215584067627787E-4
5.215584067627787E-4
5.215584067627787E-4
5.215584067627787E-4
5.215584067627787E-4
5.215584067627787E-4
5.215584067627787E-4
5.215584067627787E-4
5.215584067627787E-4
5.215584067627787E-4
5.215584067627787E-4
5.215584067627787E-4
5.215584067627787E-4
5.215584067627787E-4
5.215584067627787E-4
5.215584067627787E-4
5.215584067627787E-4
5.215584067627787E-4
5.215584067627787E-4
5.215584067627787E-4
5.215584067627787E-4
5.215584067627787E-4
5.215584067627787E-4
5.215584067627787E-4
5.215584067627787E-4
5.215584067627787E-4
5.215584067627787E-4
5.215584067627787E-4
5.215584067627787E-4
5.215584067627787E-4
5.215584067627787E-4
