0.0012085930133859317
0.0
0.0
0.0
1.2201841454952955E-4
0.0
0.0
0.10000000149011612
0.0
1.2201841454952955E-4
0.0
0.0
0.0
0.0
1.2201841454952955E-4
5.9784067949901025E-5
5.933109147008509E-4
5.933109147008509E-4
5.9784067949901025E-5
1.2201841454952955E-4
1.2201841454952955E-4
5.9784067949901025E-5
1.2201841454952955E-4
1.2201841454952955E-4
1.2201841454952955E-4
1.2201841454952955E-4
1.2201841454952955E-4
1.2201841454952955E-4
1.2201841454952955E-4
1.2201841454952955E-4
1.2201841454952955E-4
1.2201841454952955E-4
0.0
0.0
1.2201841454952955E-4
0.0
0.0
1.2201841454952955E-4
0.0
1.2201841454952955E-4
0.0
0.0
0.0
1.2201841454952955E-4
1.2201841454952955E-4
5.228024713384608E-4
1.2201841454952955E-4
5.9784067949901025E-5
5.9784067949901025E-5
1.2201841454952955E-4
5.933109147008509E-4
5.9784067949901025E-5
1.2201841454952955E-4
1.2201841454952955E-4
1.2201841454952955E-4
1.2201841454952955E-4
1.2201841454952955E-4
1.2201841454952955E-4
1.2201841454952955E-4
1.2201841454952955E-4
1.2201841454952955E-4
1.2201841454952955E-4
0.0
1.2201841454952955E-4
1.2201841454952955E-4
0.0
0.0
1.2201841454952955E-4
0.0
1.2201841454952955E-4
0.0
0.0
1.2201841454952955E-4
1.2201841454952955E-4
1.2201841454952955E-4
1.2201841454952955E-4
1.2201841454952955E-4
7.431749991762142E-4
1.2201841454952955E-4
1.2201841454952955E-4
5.9784067949901025E-5
1.2201841454952955E-4
1.2201841454952955E-4
1.2201841454952955E-4
1.2201841454952955E-4
1.2201841454952955E-4
1.2201841454952955E-4
1.2201841454952955E-4
1.2201841454952955E-4
1.2201841454952955E-4
1.2201841454952955E-4
1.2201841454952955E-4
1.2201841454952955E-4
1.2201841454952955E-4
1.2201841454952955E-4
1.2201841454952955E-4
1.2201841454952955E-4
1.2201841454952955E-4
1.2201841454952955E-4
1.2201841454952955E-4
1.2201841454952955E-4
1.2201841454952955E-4
1.2201841454952955E-4
1.2201841454952955E-4
1.2201841454952955E-4
1.2201841454952955E-4
1.2201841454952955E-4
1.2201841454952955E-4
1.2201841454952955E-4
1.2201841454952955E-4
1.2201841454952955E-4
1.2201841454952955E-4
1.2201841454952955E-4
1.2201841454952955E-4
