1.9230769636730354E-4
0.0
0.0
0.10000000149011612
1.2201841454952955E-4
0.0
0.0
0.0
0.0
1.2201841454952955E-4
0.0
0.0
0.0
0.0
1.2201841454952955E-4
0.0
1.676951530195462E-4
1.676951530195462E-4
1.676951530195462E-4
1.2201841454952955E-4
1.2201841454952955E-4
1.2201841454952955E-4
1.2201841454952955E-4
1.2201841454952955E-4
1.2201841454952955E-4
1.2201841454952955E-4
1.2201841454952955E-4
1.2201841454952955E-4
1.2201841454952955E-4
1.2201841454952955E-4
1.2201841454952955E-4
1.2201841454952955E-4
0.0
0.0
1.2201841454952955E-4
0.0
0.0
1.2201841454952955E-4
0.0
1.2201841454952955E-4
0.0
0.0
0.0
1.2201841454952955E-4
1.2201841454952955E-4
0.0
1.2201841454952955E-4
1.676951530195462E-4
1.676951530195462E-4
1.2201841454952955E-4
1.676951530195462E-4
1.2201841454952955E-4
1.2201841454952955E-4
1.2201841454952955E-4
1.2201841454952955E-4
1.2201841454952955E-4
1.2201841454952955E-4
1.2201841454952955E-4
1.2201841454952955E-4
1.2201841454952955E-4
1.2201841454952955E-4
1.2201841454952955E-4
0.0
1.2201841454952955E-4
1.2201841454952955E-4
0.0
0.0
1.2201841454952955E-4
0.0
1.2201841454952955E-4
0.0
0.0
1.2201841454952955E-4
1.2201841454952955E-4
1.2201841454952955E-4
1.2201841454952955E-4
1.2201841454952955E-4
3.621598977285127E-4
1.2201841454952955E-4
1.2201841454952955E-4
1.2201841454952955E-4
1.2201841454952955E-4
1.2201841454952955E-4
1.2201841454952955E-4
1.2201841454952955E-4
1.2201841454952955E-4
1.2201841454952955E-4
1.2201841454952955E-4
1.2201841454952955E-4
1.2201841454952955E-4
1.2201841454952955E-4
1.2201841454952955E-4
1.2201841454952955E-4
1.2201841454952955E-4
1.2201841454952955E-4
1.2201841454952955E-4
1.2201841454952955E-4
1.2201841454952955E-4
1.2201841454952955E-4
1.2201841454952955E-4
1.2201841454952955E-4
1.2201841454952955E-4
1.2201841454952955E-4
1.2201841454952955E-4
1.2201841454952955E-4
1.2201841454952955E-4
1.2201841454952955E-4
1.2201841454952955E-4
1.2201841454952955E-4
1.2201841454952955E-4
1.2201841454952955E-4
1.2201841454952955E-4
1.2201841454952955E-4
1.2201841454952955E-4
