7.814352342393249E-4
9.445585310459137E-5
2.6862732192967087E-4
2.3522488481830806E-4
0.0016707326838513836
1.3488709519151598E-4
2.2264502476900815E-4
2.22100768587552E-4
1.3488709519151598E-4
2.2264502476900815E-4
0.003888062760233879
1.3488709519151598E-4
8.166261832229794E-5
8.166261832229794E-5
1.3158206711523236E-4
8.166261832229794E-5
8.166261832229794E-5
4.7588121669832616E-4
8.166261832229794E-5
8.166261832229794E-5
0.0021523639472434295
8.166261832229794E-5
8.166261832229794E-5
3.1580826034769414E-4
8.166261832229794E-5
8.166261832229794E-5
8.166261832229794E-5
4.4547209108714014E-4
4.4547209108714014E-4
0.0022925475874217226
0.0036189829697832465
4.4547209108714014E-4
1.3488709519151598E-4
1.761184714268893E-4
4.4547209108714014E-4
2.2264502476900815E-4
8.166261832229794E-5
4.4547209108714014E-4
8.166261832229794E-5
8.166261832229794E-5
4.4547209108714014E-4
2.6862732192967087E-4
8.166261832229794E-5
4.4547209108714014E-4
3.1580826034769414E-4
8.166261832229794E-5
4.4547209108714014E-4
8.166261832229794E-5
8.166261832229794E-5
4.4547209108714014E-4
3.1580826034769414E-4
8.166261832229794E-5
4.4547209108714014E-4
4.4547209108714014E-4
8.166261832229794E-5
8.166261832229794E-5
7.441635214490816E-4
4.4547209108714014E-4
4.4547209108714014E-4
1.3488709519151598E-4
4.4547209108714014E-4
4.4547209108714014E-4
8.166261832229794E-5
4.4547209108714014E-4
4.4547209108714014E-4
8.166261832229794E-5
4.4547209108714014E-4
4.4547209108714014E-4
8.836054184939713E-5
4.4547209108714014E-4
4.4547209108714014E-4
2.6862732192967087E-4
4.4547209108714014E-4
4.4547209108714014E-4
7.128524681320414E-4
4.4547209108714014E-4
4.4547209108714014E-4
8.166261832229794E-5
4.4547209108714014E-4
4.4547209108714014E-4
8.166261832229794E-5
4.4547209108714014E-4
4.4547209108714014E-4
4.4547209108714014E-4
4.4547209108714014E-4
4.4547209108714014E-4
4.4547209108714014E-4
4.4547209108714014E-4
4.4547209108714014E-4
4.4547209108714014E-4
4.4547209108714014E-4
4.4547209108714014E-4
4.4547209108714014E-4
4.4547209108714014E-4
4.4547209108714014E-4
4.4547209108714014E-4
4.4547209108714014E-4
4.4547209108714014E-4
4.4547209108714014E-4
4.4547209108714014E-4
4.4547209108714014E-4
4.4547209108714014E-4
4.4547209108714014E-4
4.4547209108714014E-4
4.4547209108714014E-4
4.4547209108714014E-4
4.4547209108714014E-4
4.4547209108714014E-4
4.4547209108714014E-4
4.4547209108714014E-4
4.4547209108714014E-4
4.4547209108714014E-4
4.4547209108714014E-4
4.4547209108714014E-4
4.4547209108714014E-4
4.4547209108714014E-4
4.4547209108714014E-4
4.4547209108714014E-4
4.4547209108714014E-4
4.4547209108714014E-4
4.4547209108714014E-4
4.4547209108714014E-4
4.4547209108714014E-4
4.4547209108714014E-4
4.4547209108714014E-4
4.4547209108714014E-4
4.4547209108714014E-4
4.4547209108714014E-4
4.4547209108714014E-4
4.4547209108714014E-4
4.4547209108714014E-4
4.4547209108714014E-4
4.4547209108714014E-4
4.4547209108714014E-4
4.4547209108714014E-4
4.4547209108714014E-4
4.4547209108714014E-4
4.4547209108714014E-4
4.4547209108714014E-4
4.4547209108714014E-4
4.4547209108714014E-4
4.4547209108714014E-4
4.4547209108714014E-4
4.4547209108714014E-4
4.4547209108714014E-4
4.4547209108714014E-4
4.4547209108714014E-4
4.4547209108714014E-4
4.4547209108714014E-4
4.4547209108714014E-4
4.4547209108714014E-4
4.4547209108714014E-4
4.4547209108714014E-4
4.4547209108714014E-4
4.4547209108714014E-4
4.4547209108714014E-4
4.4547209108714014E-4
4.4547209108714014E-4
4.4547209108714014E-4
4.4547209108714014E-4
4.4547209108714014E-4
4.4547209108714014E-4
4.4547209108714014E-4
4.4547209108714014E-4
4.4547209108714014E-4
4.4547209108714014E-4
4.4547209108714014E-4
4.4547209108714014E-4
4.4547209108714014E-4
4.4547209108714014E-4
4.4547209108714014E-4
4.4547209108714014E-4
4.4547209108714014E-4
4.4547209108714014E-4
4.4547209108714014E-4
4.4547209108714014E-4
4.4547209108714014E-4
4.4547209108714014E-4
4.4547209108714014E-4
4.4547209108714014E-4
4.4547209108714014E-4
4.4547209108714014E-4
4.4547209108714014E-4
4.4547209108714014E-4
4.4547209108714014E-4
4.4547209108714014E-4
4.4547209108714014E-4
4.4547209108714014E-4
4.4547209108714014E-4
4.4547209108714014E-4
4.4547209108714014E-4
4.4547209108714014E-4
4.4547209108714014E-4
4.4547209108714014E-4
4.4547209108714014E-4
4.4547209108714014E-4
4.4547209108714014E-4
4.4547209108714014E-4
4.4547209108714014E-4
4.4547209108714014E-4
4.4547209108714014E-4
4.4547209108714014E-4
4.4547209108714014E-4
4.4547209108714014E-4
4.4547209108714014E-4
4.4547209108714014E-4
4.4547209108714014E-4
4.4547209108714014E-4
4.4547209108714014E-4
4.4547209108714014E-4
4.4547209108714014E-4
4.4547209108714014E-4
4.4547209108714014E-4
4.4547209108714014E-4
4.4547209108714014E-4
4.4547209108714014E-4
4.4547209108714014E-4
4.4547209108714014E-4
4.4547209108714014E-4
4.4547209108714014E-4
4.4547209108714014E-4
4.4547209108714014E-4
4.4547209108714014E-4
4.4547209108714014E-4
