1.944558578543365E-4
5.432383622974157E-4
2.2264502476900815E-4
2.3522488481830806E-4
2.3522488481830806E-4
6.305943505140021E-4
6.305943505140021E-4
6.709052249789238E-4
6.305943505140021E-4
6.790684536099433E-4
5.840677971718833E-4
6.788545317249373E-4
6.356330064591021E-4
8.166261832229794E-5
1.3268302427604795E-4
8.166261832229794E-5
8.166261832229794E-5
6.788545317249373E-4
8.166261832229794E-5
8.166261832229794E-5
0.01563563322997652
8.166261832229794E-5
8.166261832229794E-5
5.40846271906048E-4
5.40846271906048E-4
8.166261832229794E-5
8.166261832229794E-5
5.40846271906048E-4
5.40846271906048E-4
1.761184714268893E-4
5.944558884948492E-4
5.40846271906048E-4
6.305943505140021E-4
1.761184714268893E-4
5.40846271906048E-4
6.356330064591021E-4
8.166261832229794E-5
5.40846271906048E-4
8.166261832229794E-5
8.166261832229794E-5
5.40846271906048E-4
6.788545317249373E-4
5.40846271906048E-4
5.40846271906048E-4
5.40846271906048E-4
8.166261832229794E-5
5.40846271906048E-4
8.166261832229794E-5
8.166261832229794E-5
5.40846271906048E-4
5.40846271906048E-4
8.166261832229794E-5
5.40846271906048E-4
5.40846271906048E-4
5.40846271906048E-4
5.40846271906048E-4
3.174317593220621E-4
5.40846271906048E-4
5.40846271906048E-4
6.305943505140021E-4
5.40846271906048E-4
5.40846271906048E-4
8.166261832229794E-5
5.40846271906048E-4
5.40846271906048E-4
5.40846271906048E-4
5.40846271906048E-4
5.40846271906048E-4
1.3268302427604795E-4
5.40846271906048E-4
5.40846271906048E-4
6.788545317249373E-4
5.40846271906048E-4
5.40846271906048E-4
0.01563563322997652
5.40846271906048E-4
5.40846271906048E-4
5.40846271906048E-4
5.40846271906048E-4
5.40846271906048E-4
8.166261832229794E-5
5.40846271906048E-4
5.40846271906048E-4
5.40846271906048E-4
5.40846271906048E-4
5.40846271906048E-4
5.40846271906048E-4
5.40846271906048E-4
5.40846271906048E-4
5.40846271906048E-4
5.40846271906048E-4
5.40846271906048E-4
5.40846271906048E-4
5.40846271906048E-4
5.40846271906048E-4
5.40846271906048E-4
5.40846271906048E-4
5.40846271906048E-4
5.40846271906048E-4
5.40846271906048E-4
5.40846271906048E-4
5.40846271906048E-4
5.40846271906048E-4
5.40846271906048E-4
5.40846271906048E-4
5.40846271906048E-4
5.40846271906048E-4
5.40846271906048E-4
5.40846271906048E-4
5.40846271906048E-4
5.40846271906048E-4
5.40846271906048E-4
5.40846271906048E-4
5.40846271906048E-4
5.40846271906048E-4
5.40846271906048E-4
5.40846271906048E-4
5.40846271906048E-4
5.40846271906048E-4
5.40846271906048E-4
5.40846271906048E-4
5.40846271906048E-4
5.40846271906048E-4
5.40846271906048E-4
5.40846271906048E-4
5.40846271906048E-4
5.40846271906048E-4
5.40846271906048E-4
5.40846271906048E-4
5.40846271906048E-4
5.40846271906048E-4
5.40846271906048E-4
5.40846271906048E-4
5.40846271906048E-4
5.40846271906048E-4
5.40846271906048E-4
5.40846271906048E-4
5.40846271906048E-4
5.40846271906048E-4
5.40846271906048E-4
5.40846271906048E-4
5.40846271906048E-4
5.40846271906048E-4
5.40846271906048E-4
5.40846271906048E-4
5.40846271906048E-4
5.40846271906048E-4
5.40846271906048E-4
5.40846271906048E-4
5.40846271906048E-4
5.40846271906048E-4
5.40846271906048E-4
5.40846271906048E-4
5.40846271906048E-4
5.40846271906048E-4
5.40846271906048E-4
5.40846271906048E-4
5.40846271906048E-4
5.40846271906048E-4
5.40846271906048E-4
5.40846271906048E-4
5.40846271906048E-4
5.40846271906048E-4
5.40846271906048E-4
5.40846271906048E-4
5.40846271906048E-4
5.40846271906048E-4
5.40846271906048E-4
5.40846271906048E-4
5.40846271906048E-4
5.40846271906048E-4
5.40846271906048E-4
5.40846271906048E-4
5.40846271906048E-4
5.40846271906048E-4
5.40846271906048E-4
5.40846271906048E-4
5.40846271906048E-4
5.40846271906048E-4
5.40846271906048E-4
5.40846271906048E-4
5.40846271906048E-4
5.40846271906048E-4
5.40846271906048E-4
5.40846271906048E-4
5.40846271906048E-4
5.40846271906048E-4
5.40846271906048E-4
5.40846271906048E-4
5.40846271906048E-4
5.40846271906048E-4
5.40846271906048E-4
5.40846271906048E-4
5.40846271906048E-4
5.40846271906048E-4
5.40846271906048E-4
5.40846271906048E-4
5.40846271906048E-4
5.40846271906048E-4
5.40846271906048E-4
5.40846271906048E-4
5.40846271906048E-4
5.40846271906048E-4
5.40846271906048E-4
5.40846271906048E-4
5.40846271906048E-4
5.40846271906048E-4
5.40846271906048E-4
5.40846271906048E-4
5.40846271906048E-4
5.40846271906048E-4
5.40846271906048E-4
5.40846271906048E-4
5.40846271906048E-4
5.40846271906048E-4
5.40846271906048E-4
5.40846271906048E-4
5.40846271906048E-4
5.40846271906048E-4
5.40846271906048E-4
5.40846271906048E-4
5.40846271906048E-4
5.40846271906048E-4
5.40846271906048E-4
