4.0846600604709237E-4
1.944558578543365E-4
5.812676041387022E-4
2.3522488481830806E-4
4.352248943177983E-4
2.2264502476900815E-4
6.352853233693168E-4
2.6862732192967087E-4
2.2264502476900815E-4
6.686273409286514E-4
4.7588121669832616E-4
2.6862732192967087E-4
4.7588121669832616E-4
8.166261832229794E-5
8.166261832229794E-5
8.166261832229794E-5
8.166261832229794E-5
3.335623856401071E-4
8.166261832229794E-5
8.166261832229794E-5
3.335623856401071E-4
8.166261832229794E-5
8.166261832229794E-5
5.702487746020779E-4
8.166261832229794E-5
8.166261832229794E-5
8.166261832229794E-5
3.1580826034769414E-4
5.702487746020779E-4
1.4043815026525407E-4
9.445585310459137E-5
5.702487746020779E-4
2.2264502476900815E-4
1.761184714268893E-4
5.702487746020779E-4
2.6862732192967087E-4
8.166261832229794E-5
5.702487746020779E-4
3.421409899601713E-4
8.166261832229794E-5
5.702487746020779E-4
2.2264502476900815E-4
8.836054184939713E-5
5.702487746020779E-4
3.335623856401071E-4
8.166261832229794E-5
5.702487746020779E-4
3.1580826034769414E-4
8.166261832229794E-5
5.702487746020779E-4
3.1580826034769414E-4
8.166261832229794E-5
5.702487746020779E-4
5.702487746020779E-4
3.1580826034769414E-4
5.702487746020779E-4
2.6862732192967087E-4
5.702487746020779E-4
5.702487746020779E-4
2.2264502476900815E-4
5.702487746020779E-4
5.702487746020779E-4
8.166261832229794E-5
5.702487746020779E-4
5.702487746020779E-4
1.3488709519151598E-4
5.702487746020779E-4
5.702487746020779E-4
8.166261832229794E-5
5.702487746020779E-4
5.702487746020779E-4
2.2264502476900815E-4
5.702487746020779E-4
5.702487746020779E-4
8.166261832229794E-5
5.702487746020779E-4
5.702487746020779E-4
8.166261832229794E-5
5.702487746020779E-4
5.702487746020779E-4
3.1580826034769414E-4
5.702487746020779E-4
5.702487746020779E-4
3.1580826034769414E-4
5.702487746020779E-4
5.702487746020779E-4
5.702487746020779E-4
5.702487746020779E-4
5.702487746020779E-4
5.702487746020779E-4
5.702487746020779E-4
5.702487746020779E-4
5.702487746020779E-4
5.702487746020779E-4
5.702487746020779E-4
5.702487746020779E-4
5.702487746020779E-4
5.702487746020779E-4
5.702487746020779E-4
5.702487746020779E-4
5.702487746020779E-4
5.702487746020779E-4
5.702487746020779E-4
5.702487746020779E-4
5.702487746020779E-4
5.702487746020779E-4
5.702487746020779E-4
3.1580826034769414E-4
5.702487746020779E-4
5.702487746020779E-4
5.702487746020779E-4
5.702487746020779E-4
5.702487746020779E-4
5.702487746020779E-4
5.702487746020779E-4
5.702487746020779E-4
5.702487746020779E-4
5.702487746020779E-4
5.702487746020779E-4
5.702487746020779E-4
5.702487746020779E-4
5.702487746020779E-4
5.702487746020779E-4
5.702487746020779E-4
5.702487746020779E-4
5.702487746020779E-4
5.702487746020779E-4
5.702487746020779E-4
5.702487746020779E-4
5.702487746020779E-4
5.702487746020779E-4
5.702487746020779E-4
5.702487746020779E-4
5.702487746020779E-4
5.702487746020779E-4
5.702487746020779E-4
5.702487746020779E-4
5.702487746020779E-4
5.702487746020779E-4
5.702487746020779E-4
5.702487746020779E-4
5.702487746020779E-4
5.702487746020779E-4
5.702487746020779E-4
5.702487746020779E-4
5.702487746020779E-4
5.702487746020779E-4
5.702487746020779E-4
5.702487746020779E-4
5.702487746020779E-4
5.702487746020779E-4
5.702487746020779E-4
5.702487746020779E-4
5.702487746020779E-4
5.702487746020779E-4
5.702487746020779E-4
5.702487746020779E-4
5.702487746020779E-4
5.702487746020779E-4
5.702487746020779E-4
5.702487746020779E-4
5.702487746020779E-4
5.702487746020779E-4
5.702487746020779E-4
5.702487746020779E-4
5.702487746020779E-4
5.702487746020779E-4
5.702487746020779E-4
5.702487746020779E-4
5.702487746020779E-4
5.702487746020779E-4
5.702487746020779E-4
5.702487746020779E-4
5.702487746020779E-4
5.702487746020779E-4
5.702487746020779E-4
5.702487746020779E-4
5.702487746020779E-4
5.702487746020779E-4
5.702487746020779E-4
5.702487746020779E-4
5.702487746020779E-4
5.702487746020779E-4
5.702487746020779E-4
5.702487746020779E-4
5.702487746020779E-4
5.702487746020779E-4
5.702487746020779E-4
5.702487746020779E-4
5.702487746020779E-4
5.702487746020779E-4
5.702487746020779E-4
5.702487746020779E-4
5.702487746020779E-4
5.702487746020779E-4
5.702487746020779E-4
5.702487746020779E-4
5.702487746020779E-4
5.702487746020779E-4
5.702487746020779E-4
5.702487746020779E-4
5.702487746020779E-4
5.702487746020779E-4
5.702487746020779E-4
5.702487746020779E-4
5.702487746020779E-4
5.702487746020779E-4
5.702487746020779E-4
5.702487746020779E-4
5.702487746020779E-4
5.702487746020779E-4
5.702487746020779E-4
5.702487746020779E-4
5.702487746020779E-4
5.702487746020779E-4
5.702487746020779E-4
5.702487746020779E-4
5.702487746020779E-4
5.702487746020779E-4
5.702487746020779E-4
5.702487746020779E-4
5.702487746020779E-4
5.702487746020779E-4
5.702487746020779E-4
