2.593909215647727E-4
9.445585310459137E-5
2.2264502476900815E-4
2.3522488481830806E-4
7.352248969255016E-4
1.3488709519151598E-4
2.2264502476900815E-4
1.761184714268893E-4
1.3488709519151598E-4
2.2264502476900815E-4
8.380621671676636E-4
1.3488709519151598E-4
8.166261832229794E-5
8.166261832229794E-5
1.3158206711523236E-4
0.06008166351239197
8.166261832229794E-5
1.8206803360953927E-4
8.166261832229794E-5
8.166261832229794E-5
7.534965989179909E-4
8.166261832229794E-5
8.166261832229794E-5
7.534965989179909E-4
8.166261832229794E-5
8.166261832229794E-5
8.166261832229794E-5
8.166261832229794E-5
2.716518996749073E-4
6.226450437679887E-4
7.985375123098493E-4
2.716518996749073E-4
1.3488709519151598E-4
1.761184714268893E-4
2.716518996749073E-4
2.2264502476900815E-4
8.166261832229794E-5
2.716518996749073E-4
8.166261832229794E-5
8.166261832229794E-5
2.716518996749073E-4
1.3488709519151598E-4
8.166261832229794E-5
2.716518996749073E-4
2.284303744090721E-4
8.166261832229794E-5
2.716518996749073E-4
8.166261832229794E-5
8.166261832229794E-5
2.716518996749073E-4
2.284303744090721E-4
8.166261832229794E-5
2.716518996749073E-4
2.716518996749073E-4
8.166261832229794E-5
2.716518996749073E-4
2.771285769995302E-4
2.716518996749073E-4
2.716518996749073E-4
1.3488709519151598E-4
2.716518996749073E-4
2.716518996749073E-4
8.166261832229794E-5
2.716518996749073E-4
2.716518996749073E-4
8.166261832229794E-5
2.716518996749073E-4
2.716518996749073E-4
8.836054184939713E-5
2.716518996749073E-4
2.716518996749073E-4
1.3488709519151598E-4
2.716518996749073E-4
2.716518996749073E-4
8.166261832229794E-5
2.716518996749073E-4
2.716518996749073E-4
8.166261832229794E-5
2.716518996749073E-4
2.716518996749073E-4
8.166261832229794E-5
2.716518996749073E-4
2.716518996749073E-4
2.716518996749073E-4
2.716518996749073E-4
2.716518996749073E-4
2.716518996749073E-4
2.716518996749073E-4
2.716518996749073E-4
2.716518996749073E-4
2.716518996749073E-4
2.716518996749073E-4
2.716518996749073E-4
2.716518996749073E-4
2.716518996749073E-4
2.716518996749073E-4
2.716518996749073E-4
2.716518996749073E-4
2.716518996749073E-4
2.716518996749073E-4
2.716518996749073E-4
2.716518996749073E-4
2.716518996749073E-4
2.716518996749073E-4
2.716518996749073E-4
2.716518996749073E-4
2.716518996749073E-4
2.716518996749073E-4
2.716518996749073E-4
2.716518996749073E-4
2.716518996749073E-4
2.716518996749073E-4
2.716518996749073E-4
2.716518996749073E-4
2.716518996749073E-4
2.716518996749073E-4
2.716518996749073E-4
2.716518996749073E-4
2.716518996749073E-4
2.716518996749073E-4
2.716518996749073E-4
2.716518996749073E-4
2.716518996749073E-4
2.716518996749073E-4
2.716518996749073E-4
2.716518996749073E-4
2.716518996749073E-4
2.716518996749073E-4
2.716518996749073E-4
2.716518996749073E-4
2.716518996749073E-4
2.716518996749073E-4
2.716518996749073E-4
2.716518996749073E-4
2.716518996749073E-4
2.716518996749073E-4
2.716518996749073E-4
2.716518996749073E-4
2.716518996749073E-4
2.716518996749073E-4
2.716518996749073E-4
2.716518996749073E-4
2.716518996749073E-4
2.716518996749073E-4
2.716518996749073E-4
2.716518996749073E-4
2.716518996749073E-4
2.716518996749073E-4
2.716518996749073E-4
2.716518996749073E-4
2.716518996749073E-4
2.716518996749073E-4
2.716518996749073E-4
2.716518996749073E-4
2.716518996749073E-4
2.716518996749073E-4
2.716518996749073E-4
2.716518996749073E-4
2.716518996749073E-4
2.716518996749073E-4
2.716518996749073E-4
2.716518996749073E-4
2.716518996749073E-4
2.716518996749073E-4
2.716518996749073E-4
2.716518996749073E-4
2.716518996749073E-4
2.716518996749073E-4
2.716518996749073E-4
2.716518996749073E-4
2.716518996749073E-4
2.716518996749073E-4
2.716518996749073E-4
2.716518996749073E-4
2.716518996749073E-4
2.716518996749073E-4
2.716518996749073E-4
2.716518996749073E-4
2.716518996749073E-4
2.716518996749073E-4
2.716518996749073E-4
2.716518996749073E-4
2.716518996749073E-4
2.716518996749073E-4
2.716518996749073E-4
2.716518996749073E-4
2.716518996749073E-4
2.716518996749073E-4
2.716518996749073E-4
2.716518996749073E-4
2.716518996749073E-4
2.716518996749073E-4
2.716518996749073E-4
2.716518996749073E-4
2.716518996749073E-4
2.716518996749073E-4
2.716518996749073E-4
2.716518996749073E-4
2.716518996749073E-4
2.716518996749073E-4
2.716518996749073E-4
2.716518996749073E-4
2.716518996749073E-4
2.716518996749073E-4
2.716518996749073E-4
2.716518996749073E-4
2.716518996749073E-4
2.716518996749073E-4
2.716518996749073E-4
2.716518996749073E-4
2.716518996749073E-4
2.716518996749073E-4
2.716518996749073E-4
2.716518996749073E-4
2.716518996749073E-4
2.716518996749073E-4
2.716518996749073E-4
2.716518996749073E-4
2.716518996749073E-4
2.716518996749073E-4
2.716518996749073E-4
2.716518996749073E-4
2.716518996749073E-4
2.716518996749073E-4
