0.021525256157231828
0.002754350130756696
0.0029691175053206584
0.0016356938984245061
6.132175292198857E-4
0.0029691175053206584
8.00231002115955E-4
0.0029691175053206584
0.0029691175053206584
0.0029691175053206584
0.0029691175053206584
0.0029691175053206584
0.0029691175053206584
0.0029691175053206584
0.0029691175053206584
0.0029691175053206584
0.0029691175053206584
0.0029691175053206584
0.0029691175053206584
0.0029691175053206584
0.0029691175053206584
0.0029691175053206584
0.0029691175053206584
