0.015259095467627048
0.00105413458077237
0.00105413458077237
0.00105413458077237
0.00105413458077237
0.00105413458077237
0.00105413458077237
0.00105413458077237
0.0
0.00105413458077237
0.004303874797187746
0.0
0.00105413458077237
0.00105413458077237
0.00105413458077237
0.00105413458077237
0.00105413458077237
0.00105413458077237
0.00105413458077237
0.00105413458077237
0.00105413458077237
0.00105413458077237
0.00105413458077237
0.00105413458077237
0.00105413458077237
0.00105413458077237
0.00105413458077237
0.00105413458077237
0.00105413458077237
0.00105413458077237
0.00105413458077237
0.00105413458077237
0.00105413458077237
0.00105413458077237
0.00105413458077237
0.00105413458077237
0.00105413458077237
0.00105413458077237
0.00105413458077237
0.00105413458077237
0.00105413458077237
0.00105413458077237
0.00105413458077237
0.00105413458077237
0.00105413458077237
0.00105413458077237
0.00105413458077237
0.00105413458077237
0.00105413458077237
0.00105413458077237
0.00105413458077237
0.00105413458077237
0.00105413458077237
0.00105413458077237
0.00105413458077237
0.00105413458077237
0.00105413458077237
0.00105413458077237
0.00105413458077237
0.00105413458077237
0.00105413458077237
0.00105413458077237
0.00105413458077237
0.00105413458077237
0.00105413458077237
0.00105413458077237
0.00105413458077237
0.00105413458077237
0.00105413458077237
0.00105413458077237
0.00105413458077237
0.00105413458077237
0.00105413458077237
0.00105413458077237
0.00105413458077237
0.00105413458077237
0.00105413458077237
0.00105413458077237
0.00105413458077237
0.00105413458077237
0.00105413458077237
