0.015259095467627048
0.00105413458077237
0.00105413458077237
0.00105413458077237
0.00105413458077237
0.00105413458077237
0.00105413458077237
0.00105413458077237
0.0
0.0
0.00105413458077237
0.0
0.00105413458077237
0.00105413458077237
0.0
0.00105413458077237
0.00105413458077237
0.00105413458077237
0.00105413458077237
0.00105413458077237
0.00105413458077237
0.00105413458077237
0.00105413458077237
0.00105413458077237
0.00105413458077237
0.0
0.007042376852283875
0.00105413458077237
0.00105413458077237
0.00105413458077237
0.00105413458077237
0.00105413458077237
0.00105413458077237
0.00105413458077237
0.00105413458077237
0.00105413458077237
0.00105413458077237
0.00105413458077237
0.00105413458077237
0.00105413458077237
0.00105413458077237
0.00105413458077237
0.00105413458077237
0.00105413458077237
0.00105413458077237
0.00105413458077237
0.00105413458077237
0.00105413458077237
0.00105413458077237
0.00105413458077237
0.00105413458077237
0.00105413458077237
0.00105413458077237
0.00105413458077237
0.00105413458077237
0.00105413458077237
0.00105413458077237
0.00105413458077237
0.00105413458077237
0.00105413458077237
0.00105413458077237
0.00105413458077237
0.00105413458077237
0.00105413458077237
0.00105413458077237
0.00105413458077237
0.00105413458077237
0.00105413458077237
0.00105413458077237
0.00105413458077237
0.00105413458077237
0.00105413458077237
0.00105413458077237
0.00105413458077237
0.00105413458077237
0.00105413458077237
0.00105413458077237
0.00105413458077237
0.00105413458077237
0.00105413458077237
0.00105413458077237
