0.02428030309577783
9.352617159796258E-4
9.352617159796258E-4
9.352617159796258E-4
9.352617159796258E-4
9.352617159796258E-4
9.352617159796258E-4
9.352617159796258E-4
9.352617159796258E-4
9.352617159796258E-4
9.352617159796258E-4
9.352617159796258E-4
9.352617159796258E-4
9.352617159796258E-4
9.352617159796258E-4
9.352617159796258E-4
9.352617159796258E-4
9.352617159796258E-4
9.352617159796258E-4
9.352617159796258E-4
9.352617159796258E-4
9.352617159796258E-4
9.352617159796258E-4
9.352617159796258E-4
9.352617159796258E-4
0.02428030309577783
9.352617159796258E-4
9.352617159796258E-4
9.352617159796258E-4
9.352617159796258E-4
9.352617159796258E-4
9.352617159796258E-4
9.352617159796258E-4
9.352617159796258E-4
9.352617159796258E-4
9.352617159796258E-4
9.352617159796258E-4
9.352617159796258E-4
9.352617159796258E-4
9.352617159796258E-4
9.352617159796258E-4
9.352617159796258E-4
9.352617159796258E-4
9.352617159796258E-4
9.352617159796258E-4
9.352617159796258E-4
9.352617159796258E-4
9.352617159796258E-4
9.352617159796258E-4
9.352617159796258E-4
9.352617159796258E-4
9.352617159796258E-4
9.352617159796258E-4
9.352617159796258E-4
9.352617159796258E-4
9.352617159796258E-4
9.352617159796258E-4
