0.0
0.0037534167369206745
0.0037534167369206745
0.0037534167369206745
0.0037534167369206745
0.005608042686556776
0.0037534167369206745
0.0037534167369206745
0.0011105087663357456
0.0037534167369206745
0.00124802968542402
0.0037534167369206745
0.0037534167369206745
0.0037534167369206745
0.0012550874729640783
0.0037534167369206745
0.0037534167369206745
0.0037534167369206745
0.0037534167369206745
0.0037534167369206745
0.0037534167369206745
0.0
0.0037534167369206745
0.0037534167369206745
7.922224118374288E-4
0.0037534167369206745
8.771930200358232E-5
0.0037534167369206745
0.0037534167369206745
0.0037534167369206745
0.0037534167369206745
0.0037534167369206745
