0.0
0.0037534167369206745
0.0037534167369206745
0.0037534167369206745
0.0037534167369206745
0.005608042686556776
0.0037534167369206745
0.0037534167369206745
4.600745509378612E-4
0.0037534167369206745
0.00124802968542402
0.0011105087663357456
0.0037534167369206745
0.0037534167369206745
4.021142648222546E-4
0.0037534167369206745
0.0037534167369206745
0.0037534167369206745
0.0037534167369206745
0.0037534167369206745
0.0037534167369206745
0.0
0.0037534167369206745
0.0037534167369206745
0.0
0.0037534167369206745
8.771930200358232E-5
0.0037534167369206745
0.0037534167369206745
0.0037534167369206745
4.600745509378612E-4
0.0037534167369206745
