1.3071896197895208E-4
0.0037254201869169872
0.0037254201869169872
0.0037254201869169872
0.0037254201869169872
0.0037254201869169872
0.0037254201869169872
0.0037254201869169872
0.0037254201869169872
0.0037254201869169872
0.0037254201869169872
0.0037254201869169872
0.0037254201869169872
0.0037254201869169872
0.0037254201869169872
0.0037254201869169872
0.0037254201869169872
0.0037254201869169872
0.0037254201869169872
0.0037254201869169872
0.0037254201869169872
8.771930200358232E-5
0.0037254201869169872
0.0037254201869169872
8.771930200358232E-5
0.0037254201869169872
8.771930200358232E-5
0.0037254201869169872
0.0037254201869169872
0.0037254201869169872
0.0037254201869169872
0.0037254201869169872
