2.3809525494774184E-4
0.0035533333662897348
0.0035533333662897348
0.0035533333662897348
0.0035533333662897348
2.4831310535470646E-4
0.0035533333662897348
0.0035533333662897348
0.0013040489478347201
0.0035533333662897348
3.136725863441825E-4
0.0035533333662897348
0.0035533333662897348
0.0035533333662897348
1.3071896197895208E-4
0.0035533333662897348
0.0035533333662897348
0.0035533333662897348
0.0035533333662897348
0.0035533333662897348
0.0035533333662897348
0.0035533333662897348
0.0035533333662897348
0.0035533333662897348
2.4831310535470646E-4
0.0035533333662897348
0.0
0.0035533333662897348
0.0035533333662897348
0.0035533333662897348
0.0
0.0035533333662897348
