0.5117790988644666
0.47846320478629256
0.47846320478629256
0.47846320478629256
0.47846320478629256
0.48270726146928133
0.47846320478629256
0.47846320478629256
0.4916004365131791
0.47846320478629256
0.4854428978272848
0.49070770942238306
0.47846320478629256
0.47846320478629256
0.48780664186091316
0.47846320478629256
0.47846320478629256
0.47846320478629256
0.47846320478629256
0.47846320478629256
0.47846320478629256
0.49741698494699527
0.47846320478629256
0.47846320478629256
0.4978791916289496
0.47846320478629256
0.4955359354721348
0.47846320478629256
0.47846320478629256
0.47846320478629256
0.4909202080266745
0.47846320478629256
