0.5117789637890431
0.47846320007280996
0.47846320007280996
0.47846320007280996
0.47846320007280996
0.48270726146928133
0.47846320007280996
0.47846320007280996
0.4907076630493028
0.47846320007280996
0.4854428789543199
0.47846320007280996
0.47846320007280996
0.47846320007280996
0.488567967140232
0.47846320007280996
0.47846320007280996
0.47846320007280996
0.47846320007280996
0.47846320007280996
0.47846320007280996
0.4980314377833265
0.47846320007280996
0.47846320007280996
0.4989280774791863
0.47846320007280996
0.4955358003324785
0.47846320007280996
0.47846320007280996
0.47846320007280996
0.47846320007280996
0.47846320007280996
