0.5109699250748101
0.4783388880813506
0.4783388880813506
0.4783388880813506
0.4783388880813506
0.5005328581330831
0.4783388880813506
0.4783388880813506
0.4826707914525373
0.4783388880813506
0.483299586261375
0.4783388880813506
0.4783388880813506
0.4783388880813506
0.4980543107855755
0.4783388880813506
0.4783388880813506
0.4783388880813506
0.4783388880813506
0.4783388880813506
0.4783388880813506
0.4783388880813506
0.4783388880813506
0.4783388880813506
0.49098902405196265
0.4783388880813506
0.5030918318017993
0.4783388880813506
0.4783388880813506
0.4783388880813506
0.4973062979813107
0.4783388880813506
