0.5117794947751446
0.4639478273653885
0.4639478273653885
0.4639478273653885
0.4639478273653885
0.4639478273653885
0.4639478273653885
0.4639478273653885
0.4639478273653885
0.4639478273653885
0.4639478273653885
0.4639478273653885
0.4639478273653885
0.4639478273653885
0.4639478273653885
0.4639478273653885
0.4639478273653885
0.4639478273653885
0.4639478273653885
0.4639478273653885
0.4639478273653885
0.4955363315710947
0.4639478273653885
0.4639478273653885
0.4955363315710947
0.4639478273653885
0.4955363315710947
0.4639478273653885
0.4639478273653885
0.4639478273653885
0.4639478273653885
0.4639478273653885
