7.418086791100601E-4
0.0036546871686975162
0.0036546871686975162
0.0036546871686975162
0.0036546871686975162
0.0036546871686975162
0.0036546871686975162
0.0036546871686975162
0.0036546871686975162
0.0036546871686975162
0.0036546871686975162
0.0036546871686975162
0.0036546871686975162
0.0036546871686975162
0.0036546871686975162
0.0036546871686975162
0.0036546871686975162
0.0036546871686975162
0.0036546871686975162
0.0036546871686975162
0.0036546871686975162
2.672959429522355E-4
0.0036546871686975162
0.0036546871686975162
2.672959429522355E-4
0.0036546871686975162
2.672959429522355E-4
0.0036546871686975162
0.0036546871686975162
0.0036546871686975162
0.0036546871686975162
0.0036546871686975162
