2.6870658233140907E-4
0.0021134391116599243
0.0021134391116599243
0.0021134391116599243
0.0021134391116599243
0.0018281563223960498
0.0021134391116599243
0.0021134391116599243
0.0012098104072113833
0.0021134391116599243
0.046933963305006425
0.0010712520762657127
0.0021134391116599243
0.0021134391116599243
3.326554239417116E-4
0.0021134391116599243
0.0021134391116599243
0.0021134391116599243
0.0021134391116599243
0.0021134391116599243
0.0021134391116599243
2.0334710134193302E-4
0.0021134391116599243
0.0021134391116599243
2.0334710134193302E-4
0.0021134391116599243
2.0334710134193302E-4
0.0021134391116599243
0.0021134391116599243
0.0021134391116599243
0.001333004228460292
0.0021134391116599243
