3.6680422878513735E-5
0.003882494056597352
0.003882494056597352
0.003882494056597352
0.003882494056597352
0.0036234822628709177
0.003882494056597352
0.003882494056597352
9.066885647674402E-4
0.003882494056597352
1.0062926448881627E-4
0.003882494056597352
0.003882494056597352
0.003882494056597352
0.0011480219196528195
0.003882494056597352
0.003882494056597352
0.003882494056597352
0.003882494056597352
0.003882494056597352
0.003882494056597352
3.6680422878513735E-5
0.003882494056597352
0.003882494056597352
7.994818307148914E-4
0.003882494056597352
2.0334710134193302E-4
0.003882494056597352
0.003882494056597352
0.003882494056597352
0.003882494056597352
0.003882494056597352
