7.802702214879295E-4
0.0034724492114037277
0.0034724492114037277
0.0034724492114037277
0.0034724492114037277
2.0334710134193302E-4
0.0034724492114037277
0.0034724492114037277
3.623814166833957E-4
0.0034724492114037277
2.0334710134193302E-4
0.0034724492114037277
0.0034724492114037277
0.0034724492114037277
5.210071336477995E-4
0.0034724492114037277
0.0034724492114037277
0.0034724492114037277
0.0034724492114037277
0.0034724492114037277
0.0034724492114037277
0.0034724492114037277
0.0034724492114037277
0.0034724492114037277
1.0062926448881627E-4
0.0034724492114037277
2.0334710134193302E-4
0.0034724492114037277
0.0034724492114037277
0.0034724492114037277
3.387245194365581E-4
0.0034724492114037277
