0.02140151523053646
0.001039944918981443
0.001039944918981443
0.001039944918981443
0.001039944918981443
0.001039944918981443
0.001039944918981443
0.001039944918981443
0.001039944918981443
0.001039944918981443
0.001039944918981443
0.001039944918981443
0.001039944918981443
0.001039944918981443
0.001039944918981443
0.001039944918981443
0.001039944918981443
0.001039944918981443
0.001039944918981443
0.001039944918981443
0.001039944918981443
0.001039944918981443
0.001039944918981443
0.001039944918981443
0.001039944918981443
0.02140151523053646
0.001039944918981443
0.001039944918981443
0.001039944918981443
0.001039944918981443
0.001039944918981443
0.001039944918981443
0.001039944918981443
0.001039944918981443
0.001039944918981443
0.001039944918981443
0.001039944918981443
0.001039944918981443
0.001039944918981443
0.001039944918981443
0.001039944918981443
0.001039944918981443
0.001039944918981443
0.001039944918981443
0.001039944918981443
0.001039944918981443
0.001039944918981443
0.001039944918981443
0.001039944918981443
0.001039944918981443
0.001039944918981443
0.001039944918981443
0.001039944918981443
0.001039944918981443
0.001039944918981443
0.001039944918981443
0.001039944918981443
