0.026363636553287505
8.595041232183576E-4
8.595041232183576E-4
8.595041232183576E-4
8.595041232183576E-4
8.595041232183576E-4
8.595041232183576E-4
8.595041232183576E-4
8.595041232183576E-4
8.595041232183576E-4
8.595041232183576E-4
8.595041232183576E-4
8.595041232183576E-4
8.595041232183576E-4
8.595041232183576E-4
8.595041232183576E-4
8.595041232183576E-4
8.595041232183576E-4
8.595041232183576E-4
8.595041232183576E-4
8.595041232183576E-4
8.595041232183576E-4
8.595041232183576E-4
8.595041232183576E-4
8.595041232183576E-4
0.026363636553287505
8.595041232183576E-4
8.595041232183576E-4
8.595041232183576E-4
8.595041232183576E-4
8.595041232183576E-4
8.595041232183576E-4
8.595041232183576E-4
8.595041232183576E-4
8.595041232183576E-4
8.595041232183576E-4
8.595041232183576E-4
8.595041232183576E-4
8.595041232183576E-4
8.595041232183576E-4
8.595041232183576E-4
8.595041232183576E-4
8.595041232183576E-4
8.595041232183576E-4
8.595041232183576E-4
8.595041232183576E-4
8.595041232183576E-4
8.595041232183576E-4
8.595041232183576E-4
8.595041232183576E-4
8.595041232183576E-4
8.595041232183576E-4
8.595041232183576E-4
8.595041232183576E-4
8.595041232183576E-4
8.595041232183576E-4
8.595041232183576E-4
