0.46174386233454406
0.46397179933531607
0.46397179933531607
0.46397179933531607
0.46397179933531607
0.4613899256159164
0.46397179933531607
0.46397179933531607
0.4625927649274015
0.46397179933531607
0.4613825029921709
0.46397179933531607
0.46397179933531607
0.46397179933531607
0.46136777992891387
0.46397179933531607
0.46397179933531607
0.46397179933531607
0.46397179933531607
0.46397179933531607
0.46397179933531607
0.46397179933531607
0.46397179933531607
0.46397179933531607
0.4618930769493433
0.46397179933531607
0.4614331383676481
0.46397179933531607
0.46397179933531607
0.46397179933531607
0.46137338148989804
0.46397179933531607
