0.46140659551670704
0.4636571612779917
0.4636571612779917
0.4636571612779917
0.4636571612779917
0.46258859194061197
0.4636571612779917
0.4636571612779917
0.46281984458258796
0.4636571612779917
0.46250998600926124
0.4624281360751857
0.4636571612779917
0.4636571612779917
0.46244944149726097
0.4636571612779917
0.4636571612779917
0.4636571612779917
0.4636571612779917
0.4636571612779917
0.4636571612779917
0.46136596033592364
0.4636571612779917
0.4636571612779917
0.46136722212148246
0.4636571612779917
0.46241143655825706
0.4636571612779917
0.4636571612779917
0.4636571612779917
0.4624362364146971
0.4636571612779917
