0.4614066518186197
0.46365716324335465
0.46365716324335465
0.46365716324335465
0.46365716324335465
0.46258859194061197
0.46365716324335465
0.46365716324335465
0.46242815539518667
0.46365716324335465
0.4625099938739091
0.46365716324335465
0.46365716324335465
0.46365716324335465
0.46243390102416443
0.46365716324335465
0.46365716324335465
0.46365716324335465
0.46365716324335465
0.46365716324335465
0.46365716324335465
0.4613677064496684
0.46365716324335465
0.46365716324335465
0.4613702967720669
0.46365716324335465
0.46241149279711424
0.46365716324335465
0.46365716324335465
0.46365716324335465
0.46365716324335465
0.46365716324335465
