0.4614064304938766
0.46294521069440503
0.46294521069440503
0.46294521069440503
0.46294521069440503
0.46294521069440503
0.46294521069440503
0.46294521069440503
0.46294521069440503
0.46294521069440503
0.46294521069440503
0.46294521069440503
0.46294521069440503
0.46294521069440503
0.46294521069440503
0.46294521069440503
0.46294521069440503
0.46294521069440503
0.46294521069440503
0.46294521069440503
0.46294521069440503
0.46241127172023955
0.46294521069440503
0.46294521069440503
0.46241127172023955
0.46294521069440503
0.46241127172023955
0.46294521069440503
0.46294521069440503
0.46294521069440503
0.46294521069440503
0.46294521069440503
