3.7373912065226644
2.673200943023697
2.673200943023697
2.673200943023697
2.673200943023697
2.673200943023697
0.532723141111309
0.0
2.673200943023697
2.673200943023697
2.673200943023697
1.1947640832394426
0.4282476798949889
2.673200943023697
2.673200943023697
2.673200943023697
2.673200943023697
2.673200943023697
2.673200943023697
2.673200943023697
2.673200943023697
2.673200943023697
2.673200943023697
2.673200943023697
2.673200943023697
2.673200943023697
2.673200943023697
2.673200943023697
2.673200943023697
2.673200943023697
2.673200943023697
2.673200943023697
2.673200943023697
2.673200943023697
2.673200943023697
2.673200943023697
2.673200943023697
2.673200943023697
2.673200943023697
2.673200943023697
2.673200943023697
2.673200943023697
2.673200943023697
2.673200943023697
2.673200943023697
2.673200943023697
2.673200943023697
2.673200943023697
2.673200943023697
2.673200943023697
2.673200943023697
2.673200943023697
2.673200943023697
2.673200943023697
2.673200943023697
2.673200943023697
2.673200943023697
2.673200943023697
2.673200943023697
2.673200943023697
2.673200943023697
2.673200943023697
2.673200943023697
2.673200943023697
2.673200943023697
2.673200943023697
2.673200943023697
2.673200943023697
2.673200943023697
2.673200943023697
2.673200943023697
2.673200943023697
2.673200943023697
2.673200943023697
2.673200943023697
2.673200943023697
2.673200943023697
2.673200943023697
2.673200943023697
2.673200943023697
2.673200943023697
