3.632915745306344
2.4383749320068167
2.4383749320068167
2.4383749320068167
2.4383749320068167
2.4383749320068167
2.4383749320068167
2.4383749320068167
0.4282476798949889
2.4383749320068167
3.1014486229186864
0.9254274428769349
2.4383749320068167
2.4383749320068167
2.4383749320068167
2.4383749320068167
2.4383749320068167
2.4383749320068167
2.4383749320068167
2.4383749320068167
2.4383749320068167
2.4383749320068167
2.4383749320068167
2.4383749320068167
2.4383749320068167
2.4383749320068167
2.4383749320068167
2.4383749320068167
2.4383749320068167
2.4383749320068167
2.4383749320068167
2.4383749320068167
2.4383749320068167
2.4383749320068167
2.4383749320068167
2.4383749320068167
2.4383749320068167
2.4383749320068167
2.4383749320068167
2.4383749320068167
2.4383749320068167
2.4383749320068167
2.4383749320068167
2.4383749320068167
2.4383749320068167
2.4383749320068167
2.4383749320068167
2.4383749320068167
2.4383749320068167
2.4383749320068167
2.4383749320068167
2.4383749320068167
2.4383749320068167
2.4383749320068167
2.4383749320068167
2.4383749320068167
2.4383749320068167
2.4383749320068167
2.4383749320068167
2.4383749320068167
2.4383749320068167
2.4383749320068167
2.4383749320068167
2.4383749320068167
2.4383749320068167
2.4383749320068167
2.4383749320068167
2.4383749320068167
2.4383749320068167
2.4383749320068167
2.4383749320068167
2.4383749320068167
2.4383749320068167
2.4383749320068167
2.4383749320068167
2.4383749320068167
2.4383749320068167
2.4383749320068167
2.4383749320068167
2.4383749320068167
2.4383749320068167
