3.7373912065226644
1.5185363019181104
1.5185363019181104
1.5185363019181104
1.5185363019181104
1.5185363019181104
1.5185363019181104
1.5185363019181104
0.4282476798949889
1.5185363019181104
0.0
0.0
1.5185363019181104
1.5185363019181104
1.5185363019181104
1.5185363019181104
1.5185363019181104
1.5185363019181104
1.5185363019181104
1.5185363019181104
1.5185363019181104
1.5185363019181104
1.5185363019181104
1.5185363019181104
1.5185363019181104
1.5185363019181104
1.5185363019181104
1.5185363019181104
1.5185363019181104
1.5185363019181104
1.5185363019181104
1.5185363019181104
1.5185363019181104
1.5185363019181104
1.5185363019181104
1.5185363019181104
1.5185363019181104
1.5185363019181104
1.5185363019181104
1.5185363019181104
1.5185363019181104
1.5185363019181104
1.5185363019181104
1.5185363019181104
1.5185363019181104
1.5185363019181104
1.5185363019181104
1.5185363019181104
1.5185363019181104
1.5185363019181104
1.5185363019181104
1.5185363019181104
1.5185363019181104
1.5185363019181104
1.5185363019181104
1.5185363019181104
1.5185363019181104
1.5185363019181104
1.5185363019181104
1.5185363019181104
1.5185363019181104
1.5185363019181104
1.5185363019181104
1.5185363019181104
1.5185363019181104
1.5185363019181104
1.5185363019181104
1.5185363019181104
1.5185363019181104
1.5185363019181104
1.5185363019181104
1.5185363019181104
1.5185363019181104
1.5185363019181104
1.5185363019181104
1.5185363019181104
1.5185363019181104
1.5185363019181104
1.5185363019181104
1.5185363019181104
1.5185363019181104
