3.7373912065226644
2.673200943023697
2.673200943023697
2.673200943023697
2.673200943023697
2.673200943023697
2.673200943023697
2.673200943023697
0.532723141111309
0.532723141111309
2.673200943023697
1.1947640832394426
2.673200943023697
2.673200943023697
1.1947640832394426
2.673200943023697
2.673200943023697
2.673200943023697
2.673200943023697
2.673200943023697
2.673200943023697
2.673200943023697
2.673200943023697
2.673200943023697
2.673200943023697
0.532723141111309
1.0902886220231223
2.673200943023697
2.673200943023697
2.673200943023697
2.673200943023697
2.673200943023697
2.673200943023697
2.673200943023697
2.673200943023697
2.673200943023697
2.673200943023697
2.673200943023697
2.673200943023697
2.673200943023697
2.673200943023697
2.673200943023697
2.673200943023697
2.673200943023697
2.673200943023697
2.673200943023697
2.673200943023697
2.673200943023697
2.673200943023697
2.673200943023697
2.673200943023697
2.673200943023697
2.673200943023697
2.673200943023697
2.673200943023697
2.673200943023697
2.673200943023697
2.673200943023697
2.673200943023697
2.673200943023697
2.673200943023697
2.673200943023697
2.673200943023697
2.673200943023697
2.673200943023697
2.673200943023697
2.673200943023697
2.673200943023697
2.673200943023697
2.673200943023697
2.673200943023697
2.673200943023697
2.673200943023697
2.673200943023697
2.673200943023697
2.673200943023697
2.673200943023697
2.673200943023697
2.673200943023697
2.673200943023697
2.673200943023697
