3.309143526627674
2.1201915261163795
2.1201915261163795
2.1201915261163795
2.1201915261163795
2.1201915261163795
2.1201915261163795
2.1201915261163795
2.1201915261163795
2.1201915261163795
0.0
1.3536751227719241
0.0
2.1201915261163795
2.1201915261163795
2.1201915261163795
2.1201915261163795
2.1201915261163795
2.1201915261163795
2.1201915261163795
2.1201915261163795
2.1201915261163795
2.1201915261163795
2.1201915261163795
2.1201915261163795
2.1201915261163795
2.1201915261163795
2.1201915261163795
2.1201915261163795
2.1201915261163795
2.1201915261163795
2.1201915261163795
2.1201915261163795
2.1201915261163795
2.1201915261163795
2.1201915261163795
2.1201915261163795
2.1201915261163795
2.1201915261163795
2.1201915261163795
2.1201915261163795
2.1201915261163795
2.1201915261163795
2.1201915261163795
2.1201915261163795
2.1201915261163795
2.1201915261163795
2.1201915261163795
2.1201915261163795
2.1201915261163795
2.1201915261163795
2.1201915261163795
2.1201915261163795
2.1201915261163795
2.1201915261163795
2.1201915261163795
2.1201915261163795
2.1201915261163795
2.1201915261163795
2.1201915261163795
2.1201915261163795
2.1201915261163795
2.1201915261163795
2.1201915261163795
2.1201915261163795
2.1201915261163795
2.1201915261163795
2.1201915261163795
2.1201915261163795
2.1201915261163795
2.1201915261163795
2.1201915261163795
2.1201915261163795
2.1201915261163795
2.1201915261163795
2.1201915261163795
2.1201915261163795
2.1201915261163795
2.1201915261163795
2.1201915261163795
2.1201915261163795
