0.014705883106216788
0.001095196115784347
0.001095196115784347
0.001095196115784347
0.001095196115784347
0.001095196115784347
0.001095196115784347
0.001095196115784347
5.132840742589906E-4
5.132840742589906E-4
0.001095196115784347
5.132840742589906E-4
0.001095196115784347
0.001095196115784347
6.468973588198423E-4
0.001095196115784347
0.001095196115784347
0.001095196115784347
0.001095196115784347
0.001095196115784347
0.001095196115784347
0.001095196115784347
0.001095196115784347
0.001095196115784347
0.001095196115784347
5.132840742589906E-4
7.573582697659731E-4
0.001095196115784347
0.001095196115784347
0.001095196115784347
0.001095196115784347
0.001095196115784347
0.001095196115784347
0.001095196115784347
0.001095196115784347
0.001095196115784347
0.001095196115784347
0.001095196115784347
0.001095196115784347
0.001095196115784347
0.001095196115784347
0.001095196115784347
0.001095196115784347
0.001095196115784347
0.001095196115784347
0.001095196115784347
0.001095196115784347
0.001095196115784347
0.001095196115784347
0.001095196115784347
0.001095196115784347
0.001095196115784347
0.001095196115784347
0.001095196115784347
0.001095196115784347
0.001095196115784347
0.001095196115784347
0.001095196115784347
0.001095196115784347
0.001095196115784347
0.001095196115784347
0.001095196115784347
0.001095196115784347
0.001095196115784347
0.001095196115784347
0.001095196115784347
0.001095196115784347
0.001095196115784347
0.001095196115784347
0.001095196115784347
0.001095196115784347
0.001095196115784347
0.001095196115784347
0.001095196115784347
0.001095196115784347
0.001095196115784347
0.001095196115784347
0.001095196115784347
0.001095196115784347
0.001095196115784347
0.001095196115784347
