0.014705883106216788
0.0011021920217899606
0.0011021920217899606
0.0011021920217899606
0.0011021920217899606
0.0011021920217899606
0.0011021920217899606
0.0011021920217899606
0.0011021920217899606
0.0011021920217899606
7.775167032377794E-4
5.132840742589906E-4
7.775167032377794E-4
0.0011021920217899606
0.0011021920217899606
0.0011021920217899606
0.0011021920217899606
0.0011021920217899606
0.0011021920217899606
0.0011021920217899606
0.0011021920217899606
0.0011021920217899606
0.0011021920217899606
0.0011021920217899606
0.0011021920217899606
0.0011021920217899606
0.0011021920217899606
0.0011021920217899606
0.0011021920217899606
0.0011021920217899606
0.0011021920217899606
0.0011021920217899606
0.0011021920217899606
0.0011021920217899606
0.0011021920217899606
0.0011021920217899606
0.0011021920217899606
0.0011021920217899606
0.0011021920217899606
0.0011021920217899606
0.0011021920217899606
0.0011021920217899606
0.0011021920217899606
0.0011021920217899606
0.0011021920217899606
0.0011021920217899606
0.0011021920217899606
0.0011021920217899606
0.0011021920217899606
0.0011021920217899606
0.0011021920217899606
0.0011021920217899606
0.0011021920217899606
0.0011021920217899606
0.0011021920217899606
0.0011021920217899606
0.0011021920217899606
0.0011021920217899606
0.0011021920217899606
0.0011021920217899606
0.0011021920217899606
0.0011021920217899606
0.0011021920217899606
0.0011021920217899606
0.0011021920217899606
0.0011021920217899606
0.0011021920217899606
0.0011021920217899606
0.0011021920217899606
0.0011021920217899606
0.0011021920217899606
0.0011021920217899606
0.0011021920217899606
0.0011021920217899606
0.0011021920217899606
0.0011021920217899606
0.0011021920217899606
0.0011021920217899606
0.0011021920217899606
0.0011021920217899606
0.0011021920217899606
