0.014705883106216788
7.775167032377794E-4
7.775167032377794E-4
7.775167032377794E-4
7.775167032377794E-4
7.775167032377794E-4
7.775167032377794E-4
7.775167032377794E-4
5.132840742589906E-4
7.775167032377794E-4
5.132840742589906E-4
5.132840742589906E-4
7.775167032377794E-4
7.775167032377794E-4
7.775167032377794E-4
7.775167032377794E-4
7.775167032377794E-4
7.775167032377794E-4
7.775167032377794E-4
7.775167032377794E-4
7.775167032377794E-4
7.775167032377794E-4
7.775167032377794E-4
7.775167032377794E-4
7.775167032377794E-4
7.775167032377794E-4
7.775167032377794E-4
7.775167032377794E-4
7.775167032377794E-4
7.775167032377794E-4
7.775167032377794E-4
7.775167032377794E-4
7.775167032377794E-4
7.775167032377794E-4
7.775167032377794E-4
7.775167032377794E-4
7.775167032377794E-4
7.775167032377794E-4
7.775167032377794E-4
7.775167032377794E-4
7.775167032377794E-4
7.775167032377794E-4
7.775167032377794E-4
7.775167032377794E-4
7.775167032377794E-4
7.775167032377794E-4
7.775167032377794E-4
7.775167032377794E-4
7.775167032377794E-4
7.775167032377794E-4
7.775167032377794E-4
7.775167032377794E-4
7.775167032377794E-4
7.775167032377794E-4
7.775167032377794E-4
7.775167032377794E-4
7.775167032377794E-4
7.775167032377794E-4
7.775167032377794E-4
7.775167032377794E-4
7.775167032377794E-4
7.775167032377794E-4
7.775167032377794E-4
7.775167032377794E-4
7.775167032377794E-4
7.775167032377794E-4
7.775167032377794E-4
7.775167032377794E-4
7.775167032377794E-4
7.775167032377794E-4
7.775167032377794E-4
7.775167032377794E-4
7.775167032377794E-4
7.775167032377794E-4
7.775167032377794E-4
7.775167032377794E-4
7.775167032377794E-4
7.775167032377794E-4
7.775167032377794E-4
7.775167032377794E-4
7.775167032377794E-4
