0.014705883106216788
0.0010519817878957838
0.0010519817878957838
0.0010519817878957838
0.0010519817878957838
0.0010519817878957838
0.0010519817878957838
0.0010519817878957838
5.132840742589906E-4
0.0010519817878957838
0.004496647758060135
5.132840742589906E-4
0.0010519817878957838
0.0010519817878957838
0.0010519817878957838
0.0010519817878957838
0.0010519817878957838
0.0010519817878957838
0.0010519817878957838
0.0010519817878957838
0.0010519817878957838
0.0010519817878957838
0.0010519817878957838
0.0010519817878957838
0.0010519817878957838
0.0010519817878957838
0.0010519817878957838
0.0010519817878957838
0.0010519817878957838
0.0010519817878957838
0.0010519817878957838
0.0010519817878957838
0.0010519817878957838
0.0010519817878957838
0.0010519817878957838
0.0010519817878957838
0.0010519817878957838
0.0010519817878957838
0.0010519817878957838
0.0010519817878957838
0.0010519817878957838
0.0010519817878957838
0.0010519817878957838
0.0010519817878957838
0.0010519817878957838
0.0010519817878957838
0.0010519817878957838
0.0010519817878957838
0.0010519817878957838
0.0010519817878957838
0.0010519817878957838
0.0010519817878957838
0.0010519817878957838
0.0010519817878957838
0.0010519817878957838
0.0010519817878957838
0.0010519817878957838
0.0010519817878957838
0.0010519817878957838
0.0010519817878957838
0.0010519817878957838
0.0010519817878957838
0.0010519817878957838
0.0010519817878957838
0.0010519817878957838
0.0010519817878957838
0.0010519817878957838
0.0010519817878957838
0.0010519817878957838
0.0010519817878957838
0.0010519817878957838
0.0010519817878957838
0.0010519817878957838
0.0010519817878957838
0.0010519817878957838
0.0010519817878957838
0.0010519817878957838
0.0010519817878957838
0.0010519817878957838
0.0010519817878957838
0.0010519817878957838
