0.014705883106216788
0.0026267564680892974
0.0026267564680892974
0.0026267564680892974
0.0026267564680892974
0.0026267564680892974
5.132840742589906E-4
7.573582697659731E-4
0.0026267564680892974
0.0026267564680892974
0.0026267564680892974
5.132840742589906E-4
5.132840742589906E-4
0.0026267564680892974
0.0026267564680892974
0.0026267564680892974
0.0026267564680892974
0.0026267564680892974
0.0026267564680892974
0.0026267564680892974
0.0026267564680892974
0.0026267564680892974
0.0026267564680892974
0.0026267564680892974
0.0026267564680892974
0.0026267564680892974
0.0026267564680892974
0.0026267564680892974
0.0026267564680892974
0.0026267564680892974
0.0026267564680892974
0.0026267564680892974
0.0026267564680892974
0.0026267564680892974
0.0026267564680892974
0.0026267564680892974
0.0026267564680892974
0.0026267564680892974
0.0026267564680892974
0.0026267564680892974
0.0026267564680892974
0.0026267564680892974
0.0026267564680892974
0.0026267564680892974
0.0026267564680892974
0.0026267564680892974
0.0026267564680892974
0.0026267564680892974
0.0026267564680892974
0.0026267564680892974
0.0026267564680892974
0.0026267564680892974
0.0026267564680892974
0.0026267564680892974
0.0026267564680892974
0.0026267564680892974
0.0026267564680892974
0.0026267564680892974
0.0026267564680892974
0.0026267564680892974
0.0026267564680892974
0.0026267564680892974
0.0026267564680892974
0.0026267564680892974
0.0026267564680892974
0.0026267564680892974
0.0026267564680892974
0.0026267564680892974
0.0026267564680892974
0.0026267564680892974
0.0026267564680892974
0.0026267564680892974
0.0026267564680892974
0.0026267564680892974
0.0026267564680892974
0.0026267564680892974
0.0026267564680892974
0.0026267564680892974
0.0026267564680892974
0.0026267564680892974
0.0026267564680892974
