0.04547049810353201
0.01060041122836992
9.160811372566968E-4
9.160811372566968E-4
9.160811372566968E-4
9.160811372566968E-4
0.001461456489050761
0.0014857283342280426
0.001461456489050761
0.001461456489050761
0.01446451696101576
0.001461456489050761
0.001461456489050761
0.01446451696101576
0.001461456489050761
0.001461456489050761
0.001461456489050761
0.001461456489050761
0.001461456489050761
0.001461456489050761
0.001461456489050761
0.001461456489050761
9.160811372566968E-4
9.160811372566968E-4
9.160811372566968E-4
9.160811372566968E-4
0.001461456489050761
0.001461456489050761
0.001461456489050761
0.001461456489050761
