0.003851090278476477
0.0014857283342280426
0.0015202734910417348
0.003851090278476477
8.805220684735104E-4
9.160811372566968E-4
0.0015202734910417348
0.0010203822137555107
0.0015202734910417348
0.0015202734910417348
0.0015202734910417348
0.0015202734910417348
0.0015202734910417348
0.0015202734910417348
0.0015202734910417348
0.0015202734910417348
0.0015202734910417348
0.04858019463717937
9.160811372566968E-4
8.805220684735104E-4
0.0015202734910417348
9.160811372566968E-4
0.0015202734910417348
0.0015202734910417348
0.0015202734910417348
0.0015202734910417348
0.0015202734910417348
0.0015202734910417348
0.0015202734910417348
0.0015202734910417348
