8.805220684735104E-4
0.002249414596008137
0.01494108852930367
8.805220684735104E-4
9.160811372566968E-4
8.805220684735104E-4
0.01060041122836992
0.0014857283342280426
0.00193802805733867
0.00193802805733867
9.160811372566968E-4
9.160811372566968E-4
0.01494108852930367
9.160811372566968E-4
9.160811372566968E-4
9.160811372566968E-4
0.00193802805733867
0.00193802805733867
0.00193802805733867
0.00193802805733867
0.00193802805733867
0.00193802805733867
9.160811372566968E-4
9.160811372566968E-4
9.160811372566968E-4
9.160811372566968E-4
0.00193802805733867
0.00193802805733867
0.00193802805733867
0.00193802805733867
