8.805220684735104E-4
9.160811372566968E-4
0.01494108852930367
8.805220684735104E-4
0.001035841618431732
0.002547359903110191
0.001461456489050761
0.0014857283342280426
0.00193802805733867
0.00193802805733867
0.00193802805733867
0.00193802805733867
0.00193802805733867
0.00193802805733867
0.00193802805733867
0.00193802805733867
0.00193802805733867
0.00193802805733867
0.00193802805733867
0.00193802805733867
0.00193802805733867
0.00193802805733867
0.001461456489050761
9.160811372566968E-4
0.01060041122836992
9.160811372566968E-4
0.002547359903110191
0.007651316217379645
0.01494108852930367
0.00193802805733867
