0.04297049825254362
0.01060041122836992
0.01446451696101576
9.160811372566968E-4
9.160811372566968E-4
9.160811372566968E-4
0.001461456489050761
0.0014857283342280426
0.001461456489050761
0.001461456489050761
0.001461456489050761
0.001461456489050761
0.001461456489050761
0.001461456489050761
0.001461456489050761
0.001461456489050761
0.001461456489050761
0.001461456489050761
0.001461456489050761
0.001461456489050761
0.001461456489050761
0.001461456489050761
9.160811372566968E-4
9.160811372566968E-4
9.160811372566968E-4
9.160811372566968E-4
0.001461456489050761
0.001461456489050761
0.001461456489050761
0.001461456489050761
