0.01060041122836992
0.001035841618431732
0.01446451696101576
0.01060041122836992
0.002547359903110191
0.001822358526987955
9.160811372566968E-4
9.160811372566968E-4
9.160811372566968E-4
9.160811372566968E-4
0.001461456489050761
9.160811372566968E-4
9.160811372566968E-4
9.160811372566968E-4
9.160811372566968E-4
9.160811372566968E-4
0.001461456489050761
0.001461456489050761
0.0014857283342280426
9.160811372566968E-4
9.160811372566968E-4
9.160811372566968E-4
0.01446451696101576
9.160811372566968E-4
9.160811372566968E-4
9.160811372566968E-4
0.001461456489050761
0.001461456489050761
0.001461456489050761
0.001461456489050761
