0.01060041122836992
0.01060041122836992
0.006271689182904083
0.006271689182904083
0.006271689182904083
0.006271689182904083
0.006271689182904083
0.006271689182904083
0.006271689182904083
0.006271689182904083
0.006271689182904083
0.006271689182904083
0.006271689182904083
0.006271689182904083
0.006271689182904083
0.006271689182904083
0.006271689182904083
0.006271689182904083
0.006271689182904083
0.006271689182904083
0.006271689182904083
0.006271689182904083
0.006271689182904083
0.006271689182904083
0.006271689182904083
0.006271689182904083
0.006271689182904083
0.006271689182904083
0.006271689182904083
0.006271689182904083
