8.805220684735104E-4
0.0023920403531519697
0.01494108852930367
8.805220684735104E-4
8.805220684735104E-4
9.160811372566968E-4
0.01060041122836992
9.160811372566968E-4
9.160811372566968E-4
9.160811372566968E-4
0.001461456489050761
0.01494108852930367
0.001461456489050761
9.160811372566968E-4
9.160811372566968E-4
0.001461456489050761
0.001461456489050761
0.001461456489050761
0.001461456489050761
0.001461456489050761
0.001461456489050761
0.0014857283342280426
9.160811372566968E-4
9.160811372566968E-4
9.160811372566968E-4
9.160811372566968E-4
9.160811372566968E-4
0.001461456489050761
0.001461456489050761
9.160811372566968E-4
