0.01060041122836992
0.002547359903110191
0.006271689182904083
0.006271689182904083
0.006271689182904083
0.006271689182904083
0.006271689182904083
0.006271689182904083
0.006271689182904083
0.006271689182904083
0.006271689182904083
0.006271689182904083
0.006271689182904083
0.006271689182904083
0.006271689182904083
0.006271689182904083
0.006271689182904083
0.006271689182904083
0.006271689182904083
0.006271689182904083
0.006271689182904083
0.006271689182904083
0.006271689182904083
0.006271689182904083
0.006271689182904083
0.006271689182904083
0.006271689182904083
0.006271689182904083
0.006271689182904083
0.006271689182904083
