0.01060041122836992
7.34577196999453E-4
0.006271689182904083
9.160811372566968E-4
0.006271689182904083
0.006271689182904083
0.006271689182904083
0.006271689182904083
0.006271689182904083
0.006271689182904083
0.006271689182904083
0.006271689182904083
0.006271689182904083
0.006271689182904083
0.006271689182904083
0.006271689182904083
0.006271689182904083
0.006271689182904083
0.006271689182904083
0.006271689182904083
0.006271689182904083
0.006271689182904083
0.006271689182904083
0.006271689182904083
0.006271689182904083
0.006271689182904083
0.006271689182904083
0.006271689182904083
0.006271689182904083
0.006271689182904083
