0.01060041122836992
0.002547359903110191
0.006271689182904083
0.01060041122836992
0.012547360052121804
0.006271689182904083
0.006271689182904083
0.006271689182904083
0.006271689182904083
0.006271689182904083
0.006271689182904083
0.006271689182904083
0.006271689182904083
0.006271689182904083
0.006271689182904083
0.006271689182904083
0.006271689182904083
0.006271689182904083
0.006271689182904083
0.006271689182904083
0.006271689182904083
0.006271689182904083
0.006271689182904083
9.160811372566968E-4
0.006271689182904083
0.006271689182904083
0.006271689182904083
0.006271689182904083
0.006271689182904083
0.006271689182904083
