8.805220684735104E-4
9.160811372566968E-4
0.015941088320687413
8.805220684735104E-4
8.805220684735104E-4
9.160811372566968E-4
0.01060041122836992
9.160811372566968E-4
9.160811372566968E-4
9.160811372566968E-4
0.015941088320687413
9.160811372566968E-4
9.160811372566968E-4
9.160811372566968E-4
9.160811372566968E-4
9.160811372566968E-4
0.00193802805733867
0.00193802805733867
0.00193802805733867
0.00193802805733867
0.00193802805733867
0.00193802805733867
0.0014857283342280426
9.160811372566968E-4
0.00193802805733867
0.00193802805733867
0.00193802805733867
0.00193802805733867
0.00193802805733867
0.00193802805733867
