3.3018731919582934E-4
0.003485937622220566
0.003485937622220566
0.003485937622220566
0.003485937622220566
0.003485937622220566
0.003485937622220566
0.003485937622220566
0.003485937622220566
0.003485937622220566
0.003485937622220566
0.003485937622220566
0.003485937622220566
0.003485937622220566
0.003485937622220566
0.003485937622220566
0.003485937622220566
0.003485937622220566
0.003485937622220566
0.003485937622220566
0.003485937622220566
0.0016306423038865128
0.003485937622220566
0.003485937622220566
0.0016306423038865128
0.003485937622220566
0.0016306423038865128
0.003485937622220566
0.003485937622220566
0.003485937622220566
0.003485937622220566
0.003485937622220566
