3.3018731919582934E-4
0.00403799790268143
0.00403799790268143
0.00403799790268143
0.00403799790268143
6.799767308014755E-4
0.00403799790268143
0.00403799790268143
0.0013084211735986174
0.00403799790268143
0.0011290463822660967
0.00403799790268143
0.00403799790268143
0.00403799790268143
6.799767308014755E-4
0.00403799790268143
0.00403799790268143
0.00403799790268143
0.00403799790268143
0.00403799790268143
0.00403799790268143
0.00403799790268143
0.00403799790268143
0.00403799790268143
0.0011290463822660967
0.00403799790268143
6.158863708454495E-4
0.00403799790268143
0.00403799790268143
0.00403799790268143
6.488240838128452E-4
0.00403799790268143
