3.3018731919582934E-4
0.003762302252774437
0.003762302252774437
0.003762302252774437
0.003762302252774437
0.004591116219914208
0.003762302252774437
0.003762302252774437
0.001104903858504258
0.003762302252774437
0.0013011528343971198
0.003762302252774437
0.003762302252774437
0.003762302252774437
0.0010758751469741887
0.003762302252774437
0.003762302252774437
0.003762302252774437
0.003762302252774437
0.003762302252774437
0.003762302252774437
5.193742428673432E-4
0.003762302252774437
0.003762302252774437
4.615534029047315E-4
0.003762302252774437
3.658652897380913E-4
0.003762302252774437
0.003762302252774437
0.003762302252774437
0.003762302252774437
0.003762302252774437
