0.021334694164882723
5.990625359117985E-4
0.0035274489394699535
4.323629545979202E-4
0.001059080008417368
0.0035274489394699535
4.323629545979202E-4
0.0035274489394699535
0.0035274489394699535
0.0035274489394699535
0.0035274489394699535
0.0035274489394699535
0.0035274489394699535
0.0035274489394699535
0.0035274489394699535
0.0035274489394699535
0.0035274489394699535
0.0035274489394699535
0.0035274489394699535
0.0035274489394699535
0.0035274489394699535
0.0035274489394699535
0.0035274489394699535
