0.0028580003903092197
0.007571853115223348
0.0045707751414738595
0.0032291725607744106
0.009028435839960972
0.0045707751414738595
0.0025835124930987754
0.0063205048015030725
0.0015096650264846783
0.0019829248873672136
0.0045707751414738595
0.0045707751414738595
0.0045707751414738595
0.001199227524921298
0.005298056756146252
0.0045707751414738595
0.0045707751414738595
0.0045707751414738595
0.0045707751414738595
0.0045707751414738595
0.0045707751414738595
0.0045707751414738595
0.0045707751414738595
