0.02485795458778739
9.142562048509717E-4
9.142562048509717E-4
9.142562048509717E-4
9.142562048509717E-4
9.142562048509717E-4
9.142562048509717E-4
9.142562048509717E-4
9.142562048509717E-4
9.142562048509717E-4
9.142562048509717E-4
9.142562048509717E-4
9.142562048509717E-4
9.142562048509717E-4
9.142562048509717E-4
9.142562048509717E-4
9.142562048509717E-4
9.142562048509717E-4
9.142562048509717E-4
9.142562048509717E-4
9.142562048509717E-4
9.142562048509717E-4
9.142562048509717E-4
9.142562048509717E-4
9.142562048509717E-4
0.02485795458778739
9.142562048509717E-4
9.142562048509717E-4
9.142562048509717E-4
9.142562048509717E-4
9.142562048509717E-4
9.142562048509717E-4
9.142562048509717E-4
9.142562048509717E-4
9.142562048509717E-4
9.142562048509717E-4
9.142562048509717E-4
9.142562048509717E-4
9.142562048509717E-4
9.142562048509717E-4
9.142562048509717E-4
9.142562048509717E-4
9.142562048509717E-4
9.142562048509717E-4
9.142562048509717E-4
9.142562048509717E-4
9.142562048509717E-4
9.142562048509717E-4
9.142562048509717E-4
9.142562048509717E-4
9.142562048509717E-4
9.142562048509717E-4
9.142562048509717E-4
9.142562048509717E-4
9.142562048509717E-4
9.142562048509717E-4
9.142562048509717E-4
