0.01666666753590107
0.0012114892015233636
0.0012114892015233636
0.0012114892015233636
0.0012114892015233636
0.0012114892015233636
0.0012114892015233636
0.0012114892015233636
0.0012114892015233636
0.0012114892015233636
1.6666667458290854E-4
1.6666667458290854E-4
1.6666667458290854E-4
0.0012114892015233636
0.0012114892015233636
0.0012114892015233636
0.0012114892015233636
0.0012114892015233636
0.0012114892015233636
0.0012114892015233636
0.0012114892015233636
0.0012114892015233636
0.0012114892015233636
0.0012114892015233636
0.0012114892015233636
0.0012114892015233636
0.0012114892015233636
0.0012114892015233636
0.0012114892015233636
0.0012114892015233636
0.0012114892015233636
0.0012114892015233636
0.0012114892015233636
0.0012114892015233636
0.0012114892015233636
0.0012114892015233636
0.0012114892015233636
0.0012114892015233636
0.0012114892015233636
0.0012114892015233636
0.0012114892015233636
0.0012114892015233636
0.0012114892015233636
0.0012114892015233636
0.0012114892015233636
0.0012114892015233636
0.0012114892015233636
0.0012114892015233636
0.0012114892015233636
0.0012114892015233636
0.0012114892015233636
0.0012114892015233636
0.0012114892015233636
0.0012114892015233636
0.0012114892015233636
0.0012114892015233636
0.0012114892015233636
0.0012114892015233636
0.0012114892015233636
0.0012114892015233636
0.0012114892015233636
0.0012114892015233636
0.0012114892015233636
0.0012114892015233636
0.0012114892015233636
0.0012114892015233636
0.0012114892015233636
0.0012114892015233636
0.0012114892015233636
0.0012114892015233636
0.0012114892015233636
0.0012114892015233636
0.0012114892015233636
0.0012114892015233636
0.0012114892015233636
0.0012114892015233636
0.0012114892015233636
0.0012114892015233636
0.0012114892015233636
0.0012114892015233636
0.0012114892015233636
