0.01666666753590107
0.0012465892747665446
0.0012465892747665446
0.0012465892747665446
0.0012465892747665446
0.0012465892747665446
0.0012465892747665446
0.0012465892747665446
1.6666667458290854E-4
1.6666667458290854E-4
0.0012465892747665446
1.6666667458290854E-4
0.0012465892747665446
0.0012465892747665446
1.6666667458290854E-4
0.0012465892747665446
0.0012465892747665446
0.0012465892747665446
0.0012465892747665446
0.0012465892747665446
0.0012465892747665446
0.0012465892747665446
0.0012465892747665446
0.0012465892747665446
0.0012465892747665446
1.6666667458290854E-4
3.456883520508806E-4
0.0012465892747665446
0.0012465892747665446
0.0012465892747665446
0.0012465892747665446
0.0012465892747665446
0.0012465892747665446
0.0012465892747665446
0.0012465892747665446
0.0012465892747665446
0.0012465892747665446
0.0012465892747665446
0.0012465892747665446
0.0012465892747665446
0.0012465892747665446
0.0012465892747665446
0.0012465892747665446
0.0012465892747665446
0.0012465892747665446
0.0012465892747665446
0.0012465892747665446
0.0012465892747665446
0.0012465892747665446
0.0012465892747665446
0.0012465892747665446
0.0012465892747665446
0.0012465892747665446
0.0012465892747665446
0.0012465892747665446
0.0012465892747665446
0.0012465892747665446
0.0012465892747665446
0.0012465892747665446
0.0012465892747665446
0.0012465892747665446
0.0012465892747665446
0.0012465892747665446
0.0012465892747665446
0.0012465892747665446
0.0012465892747665446
0.0012465892747665446
0.0012465892747665446
0.0012465892747665446
0.0012465892747665446
0.0012465892747665446
0.0012465892747665446
0.0012465892747665446
0.0012465892747665446
0.0012465892747665446
0.0012465892747665446
0.0012465892747665446
0.0012465892747665446
0.0012465892747665446
0.0012465892747665446
0.0012465892747665446
