0.01666666753590107
3.456883520508806E-4
3.456883520508806E-4
3.456883520508806E-4
3.456883520508806E-4
3.456883520508806E-4
3.456883520508806E-4
3.456883520508806E-4
3.475360378312568E-4
3.456883520508806E-4
3.475360378312568E-4
3.475360378312568E-4
3.456883520508806E-4
3.456883520508806E-4
3.456883520508806E-4
3.456883520508806E-4
3.456883520508806E-4
3.456883520508806E-4
3.456883520508806E-4
3.456883520508806E-4
3.456883520508806E-4
3.456883520508806E-4
3.456883520508806E-4
3.456883520508806E-4
3.456883520508806E-4
3.456883520508806E-4
3.456883520508806E-4
3.456883520508806E-4
3.456883520508806E-4
3.456883520508806E-4
3.456883520508806E-4
3.456883520508806E-4
3.456883520508806E-4
3.456883520508806E-4
3.456883520508806E-4
3.456883520508806E-4
3.456883520508806E-4
3.456883520508806E-4
3.456883520508806E-4
3.456883520508806E-4
3.456883520508806E-4
3.456883520508806E-4
3.456883520508806E-4
3.456883520508806E-4
3.456883520508806E-4
3.456883520508806E-4
3.456883520508806E-4
3.456883520508806E-4
3.456883520508806E-4
3.456883520508806E-4
3.456883520508806E-4
3.456883520508806E-4
3.456883520508806E-4
3.456883520508806E-4
3.456883520508806E-4
3.456883520508806E-4
3.456883520508806E-4
3.456883520508806E-4
3.456883520508806E-4
3.456883520508806E-4
3.456883520508806E-4
3.456883520508806E-4
3.456883520508806E-4
3.456883520508806E-4
3.456883520508806E-4
3.456883520508806E-4
3.456883520508806E-4
3.456883520508806E-4
3.456883520508806E-4
3.456883520508806E-4
3.456883520508806E-4
3.456883520508806E-4
3.456883520508806E-4
3.456883520508806E-4
3.456883520508806E-4
3.456883520508806E-4
3.456883520508806E-4
3.456883520508806E-4
3.456883520508806E-4
3.456883520508806E-4
3.456883520508806E-4
