0.01666666753590107
5.709135827297965E-4
5.709135827297965E-4
5.709135827297965E-4
5.709135827297965E-4
5.709135827297965E-4
1.6666667458290854E-4
1.6666667458290854E-4
5.709135827297965E-4
5.709135827297965E-4
5.709135827297965E-4
1.6666667458290854E-4
3.434851532801986E-4
5.709135827297965E-4
5.709135827297965E-4
5.709135827297965E-4
5.709135827297965E-4
5.709135827297965E-4
5.709135827297965E-4
5.709135827297965E-4
5.709135827297965E-4
5.709135827297965E-4
5.709135827297965E-4
5.709135827297965E-4
5.709135827297965E-4
5.709135827297965E-4
5.709135827297965E-4
5.709135827297965E-4
5.709135827297965E-4
5.709135827297965E-4
5.709135827297965E-4
5.709135827297965E-4
5.709135827297965E-4
5.709135827297965E-4
5.709135827297965E-4
5.709135827297965E-4
5.709135827297965E-4
5.709135827297965E-4
5.709135827297965E-4
5.709135827297965E-4
5.709135827297965E-4
5.709135827297965E-4
5.709135827297965E-4
5.709135827297965E-4
5.709135827297965E-4
5.709135827297965E-4
5.709135827297965E-4
5.709135827297965E-4
5.709135827297965E-4
5.709135827297965E-4
5.709135827297965E-4
5.709135827297965E-4
5.709135827297965E-4
5.709135827297965E-4
5.709135827297965E-4
5.709135827297965E-4
5.709135827297965E-4
5.709135827297965E-4
5.709135827297965E-4
5.709135827297965E-4
5.709135827297965E-4
5.709135827297965E-4
5.709135827297965E-4
5.709135827297965E-4
5.709135827297965E-4
5.709135827297965E-4
5.709135827297965E-4
5.709135827297965E-4
5.709135827297965E-4
5.709135827297965E-4
5.709135827297965E-4
5.709135827297965E-4
5.709135827297965E-4
5.709135827297965E-4
5.709135827297965E-4
5.709135827297965E-4
5.709135827297965E-4
5.709135827297965E-4
5.709135827297965E-4
5.709135827297965E-4
5.709135827297965E-4
