0.01666666753590107
0.001057405723258853
0.001057405723258853
0.001057405723258853
0.001057405723258853
0.001057405723258853
0.001057405723258853
0.001057405723258853
1.6666667458290854E-4
0.001057405723258853
0.0020626921711179116
1.6666667458290854E-4
0.001057405723258853
0.001057405723258853
0.001057405723258853
0.001057405723258853
0.001057405723258853
0.001057405723258853
0.001057405723258853
0.001057405723258853
0.001057405723258853
0.001057405723258853
0.001057405723258853
0.001057405723258853
0.001057405723258853
0.001057405723258853
0.001057405723258853
0.001057405723258853
0.001057405723258853
0.001057405723258853
0.001057405723258853
0.001057405723258853
0.001057405723258853
0.001057405723258853
0.001057405723258853
0.001057405723258853
0.001057405723258853
0.001057405723258853
0.001057405723258853
0.001057405723258853
0.001057405723258853
0.001057405723258853
0.001057405723258853
0.001057405723258853
0.001057405723258853
0.001057405723258853
0.001057405723258853
0.001057405723258853
0.001057405723258853
0.001057405723258853
0.001057405723258853
0.001057405723258853
0.001057405723258853
0.001057405723258853
0.001057405723258853
0.001057405723258853
0.001057405723258853
0.001057405723258853
0.001057405723258853
0.001057405723258853
0.001057405723258853
0.001057405723258853
0.001057405723258853
0.001057405723258853
0.001057405723258853
0.001057405723258853
0.001057405723258853
0.001057405723258853
0.001057405723258853
0.001057405723258853
0.001057405723258853
0.001057405723258853
0.001057405723258853
0.001057405723258853
0.001057405723258853
0.001057405723258853
0.001057405723258853
0.001057405723258853
0.001057405723258853
0.001057405723258853
0.001057405723258853
