0.04710023306931058
0.0015056775106738012
0.0024168142428000767
9.510386968031526E-4
0.0010247229132801295
0.0024168142428000767
0.0017078917783995469
0.0024168142428000767
0.0024168142428000767
0.0024168142428000767
0.0024168142428000767
0.0024168142428000767
0.0024168142428000767
0.0024168142428000767
0.0024168142428000767
0.0024168142428000767
0.0024168142428000767
0.0024168142428000767
0.0024168142428000767
0.0024168142428000767
0.0024168142428000767
0.0024168142428000767
0.0024168142428000767
