0.01347087399335578
0.002840138680767268
0.002840138680767268
0.002840138680767268
0.002840138680767268
0.003702207643073052
0.002840138680767268
0.002840138680767268
8.316036473843269E-4
0.002840138680767268
0.015360563644208014
2.3099929239833727E-4
0.002840138680767268
0.002840138680767268
0.0010146301865461282
0.002840138680767268
0.002840138680767268
0.002840138680767268
0.002840138680767268
0.002840138680767268
0.002840138680767268
2.3099929239833727E-4
0.002840138680767268
0.002840138680767268
0.0010146301865461282
0.002840138680767268
0.0010146301865461282
0.002840138680767268
0.002840138680767268
0.002840138680767268
1.0344827751396224E-4
0.002840138680767268
