1.0344827751396224E-4
0.003702207643073052
0.003702207643073052
0.003702207643073052
0.003702207643073052
0.003702207643073052
0.003702207643073052
0.003702207643073052
0.003702207643073052
0.003702207643073052
0.003702207643073052
0.003702207643073052
0.003702207643073052
0.003702207643073052
0.003702207643073052
0.003702207643073052
0.003702207643073052
0.003702207643073052
0.003702207643073052
0.003702207643073052
0.003702207643073052
0.0010146301865461282
0.003702207643073052
0.003702207643073052
0.0010146301865461282
0.003702207643073052
0.0010146301865461282
0.003702207643073052
0.003702207643073052
0.003702207643073052
0.003702207643073052
0.003702207643073052
