1.0344827751396224E-4
0.003819520177785307
0.003819520177785307
0.003819520177785307
0.003819520177785307
0.0038311114767566323
0.003819520177785307
0.003819520177785307
8.316036473843269E-4
0.003819520177785307
2.3099929239833727E-4
0.003819520177785307
0.003819520177785307
0.003819520177785307
9.809992989175953E-4
0.003819520177785307
0.003819520177785307
0.003819520177785307
0.003819520177785307
0.003819520177785307
0.003819520177785307
1.0344827751396224E-4
0.003819520177785307
0.003819520177785307
0.0010146301865461282
0.003819520177785307
0.0010146301865461282
0.003819520177785307
0.003819520177785307
0.003819520177785307
0.003819520177785307
0.003819520177785307
