1.0344827751396224E-4
0.002056296907539945
0.002056296907539945
0.002056296907539945
0.002056296907539945
0.0010146301865461282
0.002056296907539945
0.002056296907539945
1.0344827751396224E-4
0.002056296907539945
0.014381182147189975
0.002056296907539945
0.002056296907539945
0.002056296907539945
0.0010146301865461282
0.002056296907539945
0.002056296907539945
0.002056296907539945
0.002056296907539945
0.002056296907539945
0.002056296907539945
0.002056296907539945
0.002056296907539945
0.002056296907539945
1.0344827751396224E-4
0.002056296907539945
0.0010146301865461282
0.002056296907539945
0.002056296907539945
0.002056296907539945
8.316036473843269E-4
0.002056296907539945
