2.144561302276409
1.0011991236069557E-12
2.1808070759840774
2.144561302276409
4.708768904081143
2.1808070759840774
2.1808070759840774
2.1808070759840774
2.1808070759840774
2.1808070759840774
2.1808070759840774
2.1808070759840774
2.1808070759840774
2.1808070759840774
2.1808070759840774
2.1808070759840774
2.1808070759840774
2.1808070759840774
2.1808070759840774
2.1808070759840774
2.1808070759840774
2.1808070759840774
2.1808070759840774
1.0011991236069557E-12
2.1808070759840774
2.1808070759840774
2.1808070759840774
2.1808070759840774
2.1808070759840774
2.1808070759840774
