3.3709682156965575
1.0011991236069557E-12
4.708768904081143
3.3709682156965575
1.1901611397134813
1.0011991236069557E-12
1.0011991236069557E-12
3.3709682156965575
1.0011991236069557E-12
1.0011991236069557E-12
0.8067606138918313
1.0011991236069557E-12
1.0011991236069557E-12
0.8067606138918313
1.0011991236069557E-12
1.0011991236069557E-12
3.3347224419888892
3.5186077643686606
2.144561302276409
1.0011991236069557E-12
4.708768904081143
4.708768904081143
1.0011991236069557E-12
1.0011991236069557E-12
1.0011991236069557E-12
1.0011991236069557E-12
1.0011991236069557E-12
1.0011991236069557E-12
1.0011991236069557E-12
0.8067606138918313
