3.3709682156965575
1.0011991236069557E-12
3.3709682156965575
3.3709682156965575
1.1901611397134813
1.0011991236069557E-12
1.1901611397134813
1.0011991236069557E-12
1.0011991236069557E-12
1.0011991236069557E-12
4.708768904081143
4.708768904081143
1.0011991236069557E-12
3.3709682156965575
2.1808070759840774
2.1808070759840774
1.0011991236069557E-12
1.0011991236069557E-12
1.0011991236069557E-12
1.0011991236069557E-12
1.0011991236069557E-12
1.0011991236069557E-12
1.0011991236069557E-12
1.0011991236069557E-12
1.0011991236069557E-12
1.0011991236069557E-12
2.1808070759840774
1.0011991236069557E-12
0.8067606138918313
2.1808070759840774
