1.3740464620932529
1.0011991236069557E-12
4.708768904081143
1.3740464620932529
1.0011991236069557E-12
1.0011991236069557E-12
3.3709682156965575
1.0011991236069557E-12
1.0011991236069557E-12
1.0011991236069557E-12
3.5186077643686606
1.0011991236069557E-12
2.144561302276409
4.708768904081143
4.708768904081143
1.0011991236069557E-12
1.0011991236069557E-12
1.0011991236069557E-12
1.0011991236069557E-12
1.0011991236069557E-12
1.0011991236069557E-12
1.0011991236069557E-12
1.0011991236069557E-12
1.0011991236069557E-12
1.0011991236069557E-12
1.0011991236069557E-12
1.0011991236069557E-12
1.0011991236069557E-12
1.0011991236069557E-12
1.3378006883855844
