1.3740464620932529
1.0011991236069557E-12
4.708768904081143
1.3740464620932529
1.0011991236069557E-12
1.0011991236069557E-12
1.0011991236069557E-12
2.1808070759840774
1.0011991236069557E-12
1.0011991236069557E-12
2.144561302276409
1.0011991236069557E-12
1.0011991236069557E-12
2.144561302276409
1.0011991236069557E-12
1.0011991236069557E-12
1.0011991236069557E-12
4.708768904081143
1.0011991236069557E-12
1.0011991236069557E-12
1.0011991236069557E-12
1.0011991236069557E-12
1.0011991236069557E-12
1.0011991236069557E-12
1.0011991236069557E-12
1.0011991236069557E-12
1.0011991236069557E-12
1.3378006883855844
1.0011991236069557E-12
2.144561302276409
