2.144561302276409
4.708768904081143
1.0011991236069557E-12
1.0011991236069557E-12
1.0011991236069557E-12
1.0011991236069557E-12
1.0011991236069557E-12
1.0011991236069557E-12
1.0011991236069557E-12
1.0011991236069557E-12
1.0011991236069557E-12
1.0011991236069557E-12
1.0011991236069557E-12
1.0011991236069557E-12
1.0011991236069557E-12
1.0011991236069557E-12
1.0011991236069557E-12
1.0011991236069557E-12
1.0011991236069557E-12
1.0011991236069557E-12
1.0011991236069557E-12
1.0011991236069557E-12
1.0011991236069557E-12
1.0011991236069557E-12
1.0011991236069557E-12
1.0011991236069557E-12
1.0011991236069557E-12
1.0011991236069557E-12
1.0011991236069557E-12
1.0011991236069557E-12
