3.3709682156965575
4.708768904081143
3.3709682156965575
2.5642076018057325
1.0011991236069557E-12
1.0011991236069557E-12
1.0011991236069557E-12
1.0011991236069557E-12
1.0011991236069557E-12
1.0011991236069557E-12
0.8067606138918313
0.8067606138918313
1.0011991236069557E-12
0.8067606138918313
1.0011991236069557E-12
1.0011991236069557E-12
1.0011991236069557E-12
1.0011991236069557E-12
1.0011991236069557E-12
1.0011991236069557E-12
1.0011991236069557E-12
1.0011991236069557E-12
1.0011991236069557E-12
1.0011991236069557E-12
1.0011991236069557E-12
1.0011991236069557E-12
1.0011991236069557E-12
0.8067606138918313
1.0011991236069557E-12
0.8067606138918313
