1.3740464620932529
1.0011991236069557E-12
3.5186077643686606
1.3740464620932529
1.0011991236069557E-12
1.0011991236069557E-12
2.1808070759840774
1.0011991236069557E-12
1.0011991236069557E-12
1.0011991236069557E-12
4.708768904081143
3.5186077643686606
1.0011991236069557E-12
0.8067606138918313
0.8067606138918313
0.8067606138918313
1.0011991236069557E-12
1.0011991236069557E-12
1.0011991236069557E-12
1.0011991236069557E-12
1.0011991236069557E-12
1.0011991236069557E-12
1.0011991236069557E-12
1.0011991236069557E-12
1.0011991236069557E-12
1.0011991236069557E-12
1.0011991236069557E-12
1.0011991236069557E-12
1.0011991236069557E-12
1.0011991236069557E-12
