1.3740464620932529
1.0011991236069557E-12
3.5186077643686606
1.3740464620932529
1.0011991236069557E-12
1.0011991236069557E-12
1.0011991236069557E-12
2.1808070759840774
1.0011991236069557E-12
1.0011991236069557E-12
2.144561302276409
1.0011991236069557E-12
1.0011991236069557E-12
2.144561302276409
1.0011991236069557E-12
1.0011991236069557E-12
3.5186077643686606
1.0011991236069557E-12
1.0011991236069557E-12
3.3347224419888892
1.0011991236069557E-12
1.0011991236069557E-12
1.0011991236069557E-12
1.0011991236069557E-12
1.0011991236069557E-12
1.0011991236069557E-12
1.0011991236069557E-12
2.144561302276409
1.0011991236069557E-12
2.144561302276409
