3.3709682156965575
1.0011991236069557E-12
3.3709682156965575
3.3709682156965575
1.0011991236069557E-12
1.0011991236069557E-12
1.0011991236069557E-12
1.99692175360431
1.0011991236069557E-12
1.0011991236069557E-12
0.8067606138918313
1.0011991236069557E-12
1.0011991236069557E-12
0.8067606138918313
1.0011991236069557E-12
1.0011991236069557E-12
0.8067606138918313
0.8067606138918313
4.708768904081143
4.708768904081143
0.8067606138918313
1.0011991236069557E-12
1.0011991236069557E-12
1.0011991236069557E-12
1.0011991236069557E-12
1.0011991236069557E-12
1.0011991236069557E-12
2.1808070759840774
0.8067606138918313
0.8067606138918313
