6.2542564219032135
6.2542564219032135
4.906002440722578
4.5580591734870755
4.898279021857901
5.2241774139220185
3.036911131348222
5.2241774139220185
5.451797613044811
4.898279021857901
3.582706303670453
4.007210988403386
1.4523100435061014
5.451797613044811
4.898279021857901
4.906002440722578
5.928358029839098
5.928358029839098
4.898279021857901
4.898279021857901
4.898279021857901
4.898279021857901
4.898279021857901
4.898279021857901
4.898279021857901
4.898279021857901
4.898279021857901
4.898279021857901
4.898279021857901
4.898279021857901
4.898279021857901
4.898279021857901
4.906002440722578
4.906002440722578
4.898279021857901
4.5580591734870755
2.973458085644954
4.898279021857901
5.451797613044811
4.898279021857901
3.930649570905959
5.2241774139220185
4.906002440722578
4.898279021857901
4.898279021857901
5.936081448703775
4.898279021857901
4.898279021857901
5.928358029839098
4.898279021857901
5.928358029839098
4.898279021857901
4.898279021857901
4.898279021857901
4.898279021857901
4.898279021857901
4.898279021857901
4.898279021857901
4.898279021857901
4.898279021857901
4.898279021857901
4.898279021857901
3.5192532579671836
4.898279021857901
4.898279021857901
5.769972586244246
5.769972586244246
4.898279021857901
5.451797613044811
4.898279021857901
5.2241774139220185
5.2241774139220185
4.898279021857901
4.898279021857901
4.898279021857901
4.898279021857901
4.898279021857901
5.928358029839098
4.898279021857901
4.898279021857901
4.898279021857901
4.898279021857901
4.898279021857901
4.898279021857901
4.898279021857901
4.898279021857901
4.898279021857901
4.898279021857901
4.898279021857901
4.898279021857901
4.898279021857901
4.898279021857901
4.898279021857901
4.898279021857901
4.898279021857901
4.898279021857901
4.898279021857901
4.898279021857901
4.898279021857901
4.898279021857901
4.898279021857901
4.898279021857901
4.898279021857901
4.898279021857901
4.898279021857901
4.898279021857901
4.898279021857901
4.898279021857901
4.898279021857901
4.898279021857901
4.898279021857901
4.898279021857901
4.898279021857901
4.898279021857901
