1.5288714610035312
1.5288714610035312
1.5288714610035312
1.5288714610035312
0.0
1.5288714610035312
0.007723418864677688
1.5288714610035312
0.007723418864677688
0.0
0.007723418864677688
1.5288714610035312
0.007723418864677688
1.5288714610035312
0.0
1.5288714610035312
1.5211480421388535
1.5211480421388535
1.5211480421388535
0.0
0.0
1.5211480421388535
0.0
0.0
0.0
0.0
0.0
0.0
0.0
0.0
0.0
0.0
1.5288714610035312
1.5288714610035312
0.0
0.007723418864677688
1.5288714610035312
0.0
1.5288714610035312
0.0
0.007723418864677688
1.5288714610035312
1.5288714610035312
0.0
0.0
1.5288714610035312
0.0
6.2542564219032135
1.5211480421388535
0.0
1.5211480421388535
1.5211480421388535
0.0
0.0
0.0
0.0
0.0
0.0
0.0
0.0
0.0
0.0
1.5288714610035312
0.0
0.0
1.5288714610035312
1.5288714610035312
0.0
1.5288714610035312
0.0
1.5288714610035312
1.5288714610035312
0.0
0.0
0.0
0.0
0.0
1.5288714610035312
0.0
0.0
1.5211480421388535
0.0
0.0
0.0
0.0
0.0
0.0
0.0
0.0
0.0
0.0
0.0
0.0
0.0
0.0
0.0
0.0
0.0
0.0
0.0
0.0
0.0
0.0
0.0
0.0
0.0
0.0
0.0
0.0
0.0
0.0
0.0
0.0
0.0
