1.5288714610035312
1.5288714610035312
1.5288714610035312
1.5288714610035312
1.5211480421388535
1.5288714610035312
1.5288714610035312
1.5288714610035312
1.5288714610035312
1.5211480421388535
0.007723418864677688
1.5288714610035312
0.007723418864677688
1.5288714610035312
1.5211480421388535
1.5288714610035312
1.5288714610035312
1.5288714610035312
1.5211480421388535
1.5211480421388535
1.5211480421388535
1.5211480421388535
1.5211480421388535
1.5211480421388535
1.5211480421388535
1.5211480421388535
1.5211480421388535
1.5211480421388535
1.5211480421388535
1.5211480421388535
1.5211480421388535
1.5211480421388535
1.5288714610035312
1.5288714610035312
1.5211480421388535
1.5288714610035312
1.5288714610035312
1.5211480421388535
1.5288714610035312
1.5211480421388535
0.007723418864677688
1.5288714610035312
1.5288714610035312
1.5211480421388535
1.5211480421388535
1.5288714610035312
1.5211480421388535
1.5211480421388535
1.5211480421388535
1.5211480421388535
1.5288714610035312
6.2542564219032135
1.5211480421388535
1.5211480421388535
1.5211480421388535
1.5211480421388535
1.5211480421388535
1.5211480421388535
1.5211480421388535
1.5211480421388535
1.5211480421388535
1.5211480421388535
1.5288714610035312
1.5211480421388535
1.5211480421388535
1.5288714610035312
1.5288714610035312
1.5211480421388535
1.5288714610035312
1.5211480421388535
1.5288714610035312
1.5288714610035312
1.5211480421388535
1.5211480421388535
1.5211480421388535
1.5211480421388535
1.5211480421388535
1.5288714610035312
1.5211480421388535
1.5211480421388535
4.325385961602827
1.5211480421388535
1.5211480421388535
1.5211480421388535
1.5211480421388535
1.5211480421388535
1.5211480421388535
1.5211480421388535
1.5211480421388535
1.5211480421388535
1.5211480421388535
1.5211480421388535
1.5211480421388535
1.5211480421388535
1.5211480421388535
1.5211480421388535
1.5211480421388535
1.5211480421388535
1.5211480421388535
1.5211480421388535
1.5211480421388535
1.5211480421388535
1.5211480421388535
1.5211480421388535
1.5211480421388535
1.5211480421388535
1.5211480421388535
1.5211480421388535
1.5211480421388535
1.5211480421388535
1.5211480421388535
1.5211480421388535
1.5211480421388535
1.5211480421388535
