1.5288714610035312
1.5288714610035312
1.5288714610035312
6.2542564219032135
1.5288714610035312
1.5288714610035312
1.5288714610035312
1.5288714610035312
1.5288714610035312
1.5288714610035312
1.5288714610035312
1.5288714610035312
1.5288714610035312
1.5288714610035312
1.5288714610035312
3.4614158160811557
1.5288714610035312
1.5288714610035312
1.5288714610035312
1.5288714610035312
1.5288714610035312
1.5288714610035312
1.5288714610035312
1.5288714610035312
1.5288714610035312
1.5288714610035312
1.5288714610035312
1.5288714610035312
1.5288714610035312
1.5288714610035312
1.5288714610035312
1.5288714610035312
1.5288714610035312
1.5288714610035312
1.5288714610035312
1.5288714610035312
1.5288714610035312
1.5288714610035312
1.5288714610035312
1.5288714610035312
1.5288714610035312
1.5288714610035312
1.5288714610035312
1.5288714610035312
1.5288714610035312
1.5288714610035312
1.5288714610035312
1.5288714610035312
1.5288714610035312
1.5288714610035312
1.5288714610035312
1.5288714610035312
1.5288714610035312
1.5288714610035312
1.5288714610035312
1.5288714610035312
1.5288714610035312
1.5288714610035312
1.5288714610035312
1.5288714610035312
1.5288714610035312
1.5288714610035312
1.5288714610035312
1.5288714610035312
1.5288714610035312
0.0
1.5288714610035312
1.5288714610035312
1.5288714610035312
1.5288714610035312
1.5288714610035312
1.5288714610035312
1.5288714610035312
1.5288714610035312
1.5288714610035312
1.5288714610035312
1.5288714610035312
1.5288714610035312
1.5288714610035312
1.5288714610035312
1.5288714610035312
1.5288714610035312
1.5288714610035312
1.5288714610035312
1.5288714610035312
1.5288714610035312
1.5288714610035312
1.5288714610035312
1.5288714610035312
1.5288714610035312
1.5288714610035312
1.5288714610035312
1.5288714610035312
1.5288714610035312
1.5288714610035312
1.5288714610035312
1.5288714610035312
1.5288714610035312
1.5288714610035312
1.5288714610035312
1.5288714610035312
1.5288714610035312
1.5288714610035312
1.5288714610035312
1.5288714610035312
1.5288714610035312
1.5288714610035312
1.5288714610035312
1.5288714610035312
1.5288714610035312
1.5288714610035312
1.5288714610035312
1.5288714610035312
1.5288714610035312
