0.4957898339740562
0.4963222942478562
0.4963222942478562
0.4963222942478562
0.4963222942478562
0.4963222942478562
0.4963222942478562
0.4963222942478562
0.4963222942478562
0.4963222942478562
0.4964486423683412
0.49672818536957253
0.49656045849755825
0.4963222942478562
0.4963222942478562
0.4963222942478562
0.4963222942478562
0.4963222942478562
0.4963222942478562
0.4963222942478562
0.4963222942478562
0.4963222942478562
0.4963222942478562
0.4963222942478562
0.4963222942478562
0.4963222942478562
0.4963222942478562
0.4963222942478562
0.4963222942478562
0.4963222942478562
0.4963222942478562
0.4963222942478562
0.4963222942478562
0.4963222942478562
0.4963222942478562
0.4963222942478562
0.4963222942478562
0.4963222942478562
0.4963222942478562
0.4963222942478562
0.4963222942478562
0.4963222942478562
0.4963222942478562
0.4963222942478562
0.4963222942478562
0.4963222942478562
0.4963222942478562
0.4963222942478562
0.4963222942478562
0.4963222942478562
0.4963222942478562
0.4963222942478562
0.4963222942478562
0.4963222942478562
0.4963222942478562
0.4963222942478562
0.4963222942478562
0.4963222942478562
0.4963222942478562
0.4963222942478562
0.4963222942478562
0.4963222942478562
0.4963222942478562
0.4963222942478562
0.4963222942478562
0.4963222942478562
0.4963222942478562
0.4963222942478562
0.4963222942478562
0.4963222942478562
0.4963222942478562
0.4963222942478562
0.4963222942478562
0.4963222942478562
0.4963222942478562
0.4963222942478562
0.4963222942478562
0.4963222942478562
0.4963222942478562
0.4963222942478562
0.4963222942478562
