0.49578390245792336
0.4958209309911264
0.4958209309911264
0.4958209309911264
0.4958209309911264
0.4958209309911264
0.49669479440290254
0.4964451536743273
0.4958209309911264
0.4958209309911264
0.4958209309911264
0.4963093779914909
0.4966681771276482
0.4958209309911264
0.4958209309911264
0.4958209309911264
0.4958209309911264
0.4958209309911264
0.4958209309911264
0.4958209309911264
0.4958209309911264
0.4958209309911264
0.4958209309911264
0.4958209309911264
0.4958209309911264
0.4958209309911264
0.4958209309911264
0.4958209309911264
0.4958209309911264
0.4958209309911264
0.4958209309911264
0.4958209309911264
0.4958209309911264
0.4958209309911264
0.4958209309911264
0.4958209309911264
0.4958209309911264
0.4958209309911264
0.4958209309911264
0.4958209309911264
0.4958209309911264
0.4958209309911264
0.4958209309911264
0.4958209309911264
0.4958209309911264
0.4958209309911264
0.4958209309911264
0.4958209309911264
0.4958209309911264
0.4958209309911264
0.4958209309911264
0.4958209309911264
0.4958209309911264
0.4958209309911264
0.4958209309911264
0.4958209309911264
0.4958209309911264
0.4958209309911264
0.4958209309911264
0.4958209309911264
0.4958209309911264
0.4958209309911264
0.4958209309911264
0.4958209309911264
0.4958209309911264
0.4958209309911264
0.4958209309911264
0.4958209309911264
0.4958209309911264
0.4958209309911264
0.4958209309911264
0.4958209309911264
0.4958209309911264
0.4958209309911264
0.4958209309911264
0.4958209309911264
0.4958209309911264
0.4958209309911264
0.4958209309911264
0.4958209309911264
0.4958209309911264
