0.49561608647294686
0.4964425422946625
0.4964425422946625
0.4964425422946625
0.4964425422946625
0.4964425422946625
0.4964425422946625
0.4964425422946625
0.49648281473962247
0.4964425422946625
0.4965104566837884
0.4966644189993304
0.4964425422946625
0.4964425422946625
0.4964425422946625
0.4964425422946625
0.4964425422946625
0.4964425422946625
0.4964425422946625
0.4964425422946625
0.4964425422946625
0.4964425422946625
0.4964425422946625
0.4964425422946625
0.4964425422946625
0.4964425422946625
0.4964425422946625
0.4964425422946625
0.4964425422946625
0.4964425422946625
0.4964425422946625
0.4964425422946625
0.4964425422946625
0.4964425422946625
0.4964425422946625
0.4964425422946625
0.4964425422946625
0.4964425422946625
0.4964425422946625
0.4964425422946625
0.4964425422946625
0.4964425422946625
0.4964425422946625
0.4964425422946625
0.4964425422946625
0.4964425422946625
0.4964425422946625
0.4964425422946625
0.4964425422946625
0.4964425422946625
0.4964425422946625
0.4964425422946625
0.4964425422946625
0.4964425422946625
0.4964425422946625
0.4964425422946625
0.4964425422946625
0.4964425422946625
0.4964425422946625
0.4964425422946625
0.4964425422946625
0.4964425422946625
0.4964425422946625
0.4964425422946625
0.4964425422946625
0.4964425422946625
0.4964425422946625
0.4964425422946625
0.4964425422946625
0.4964425422946625
0.4964425422946625
0.4964425422946625
0.4964425422946625
0.4964425422946625
0.4964425422946625
0.4964425422946625
0.4964425422946625
0.4964425422946625
0.4964425422946625
0.4964425422946625
0.4964425422946625
