0.4957842245879868
0.4958230808534468
0.4958230808534468
0.4958230808534468
0.4958230808534468
0.4958230808534468
0.4958230808534468
0.4958230808534468
0.4966770611134161
0.4966834438580514
0.4958230808534468
0.4964670175716194
0.4958230808534468
0.4958230808534468
0.4962784101611441
0.4958230808534468
0.4958230808534468
0.4958230808534468
0.4958230808534468
0.4958230808534468
0.4958230808534468
0.4958230808534468
0.4958230808534468
0.4958230808534468
0.4958230808534468
0.49662404342044303
0.49637955548199175
0.4958230808534468
0.4958230808534468
0.4958230808534468
0.4958230808534468
0.4958230808534468
0.4958230808534468
0.4958230808534468
0.4958230808534468
0.4958230808534468
0.4958230808534468
0.4958230808534468
0.4958230808534468
0.4958230808534468
0.4958230808534468
0.4958230808534468
0.4958230808534468
0.4958230808534468
0.4958230808534468
0.4958230808534468
0.4958230808534468
0.4958230808534468
0.4958230808534468
0.4958230808534468
0.4958230808534468
0.4958230808534468
0.4958230808534468
0.4958230808534468
0.4958230808534468
0.4958230808534468
0.4958230808534468
0.4958230808534468
0.4958230808534468
0.4958230808534468
0.4958230808534468
0.4958230808534468
0.4958230808534468
0.4958230808534468
0.4958230808534468
0.4958230808534468
0.4958230808534468
0.4958230808534468
0.4958230808534468
0.4958230808534468
0.4958230808534468
0.4958230808534468
0.4958230808534468
0.4958230808534468
0.4958230808534468
0.4958230808534468
0.4958230808534468
0.4958230808534468
0.4958230808534468
0.4958230808534468
0.4958230808534468
