0.49576929595969393
0.4955869137724604
0.4955869137724604
0.4955869137724604
0.4955869137724604
0.4955869137724604
0.4955869137724604
0.4955869137724604
0.4965644799101479
0.4955869137724604
0.4965659872836549
0.4965575742811923
0.4955869137724604
0.4955869137724604
0.4955869137724604
0.4955869137724604
0.4955869137724604
0.4955869137724604
0.4955869137724604
0.4955869137724604
0.4955869137724604
0.4955869137724604
0.4955869137724604
0.4955869137724604
0.4955869137724604
0.4955869137724604
0.4955869137724604
0.4955869137724604
0.4955869137724604
0.4955869137724604
0.4955869137724604
0.4955869137724604
0.4955869137724604
0.4955869137724604
0.4955869137724604
0.4955869137724604
0.4955869137724604
0.4955869137724604
0.4955869137724604
0.4955869137724604
0.4955869137724604
0.4955869137724604
0.4955869137724604
0.4955869137724604
0.4955869137724604
0.4955869137724604
0.4955869137724604
0.4955869137724604
0.4955869137724604
0.4955869137724604
0.4955869137724604
0.4955869137724604
0.4955869137724604
0.4955869137724604
0.4955869137724604
0.4955869137724604
0.4955869137724604
0.4955869137724604
0.4955869137724604
0.4955869137724604
0.4955869137724604
0.4955869137724604
0.4955869137724604
0.4955869137724604
0.4955869137724604
0.4955869137724604
0.4955869137724604
0.4955869137724604
0.4955869137724604
0.4955869137724604
0.4955869137724604
0.4955869137724604
0.4955869137724604
0.4955869137724604
0.4955869137724604
0.4955869137724604
0.4955869137724604
0.4955869137724604
0.4955869137724604
0.4955869137724604
0.4955869137724604
