0.0
2.5881387007190635
2.5881387007190635
2.5881387007190635
2.5881387007190635
1.3277387399158018
2.5881387007190635
2.5881387007190635
1.9059048962244176
2.5881387007190635
1.42251253320497
2.5881387007190635
2.5881387007190635
2.5881387007190635
1.3277387399158018
2.5881387007190635
2.5881387007190635
2.5881387007190635
2.5881387007190635
2.5881387007190635
2.5881387007190635
2.5881387007190635
2.5881387007190635
2.5881387007190635
1.3592895100361866
2.5881387007190635
0.0
2.5881387007190635
2.5881387007190635
2.5881387007190635
1.3277387399158018
2.5881387007190635
