0.0
2.682912494008234
2.682912494008234
2.682912494008234
2.682912494008234
2.682912494008234
2.682912494008234
2.682912494008234
2.682912494008234
2.682912494008234
2.682912494008234
2.682912494008234
2.682912494008234
2.682912494008234
2.682912494008234
2.682912494008234
2.682912494008234
2.682912494008234
2.682912494008234
2.682912494008234
2.682912494008234
1.3277387399158018
2.682912494008234
2.682912494008234
1.3277387399158018
2.682912494008234
1.3277387399158018
2.682912494008234
2.682912494008234
2.682912494008234
2.682912494008234
2.682912494008234
