0.0
2.5881387007190635
2.5881387007190635
2.5881387007190635
2.5881387007190635
2.682912494008234
2.5881387007190635
2.5881387007190635
1.8654774916488115
2.5881387007190635
1.9059048962244176
1.8970282617691965
2.5881387007190635
2.5881387007190635
1.9059048962244176
2.5881387007190635
2.5881387007190635
2.5881387007190635
2.5881387007190635
2.5881387007190635
2.5881387007190635
1.3277387399158018
2.5881387007190635
2.5881387007190635
1.3277387399158018
2.5881387007190635
1.3277387399158018
2.5881387007190635
2.5881387007190635
2.5881387007190635
1.8970282617691965
2.5881387007190635
