1.4292236883193255E-4
0.0015284031940003236
0.0015284031940003236
0.0015284031940003236
0.0015284031940003236
9.241438237950206E-4
0.0015284031940003236
0.0015284031940003236
2.711275049174825E-4
0.0015284031940003236
0.05425747795185695
2.0828184982140858E-4
0.0015284031940003236
0.0015284031940003236
1.4292236883193255E-4
0.0015284031940003236
0.0015284031940003236
0.0015284031940003236
0.0015284031940003236
0.0015284031940003236
0.0015284031940003236
1.4292236883193255E-4
0.0015284031940003236
0.0015284031940003236
2.0828184982140858E-4
0.0015284031940003236
8.34870074565212E-5
0.0015284031940003236
0.0015284031940003236
0.0015284031940003236
2.0828184982140858E-4
0.0015284031940003236
