1.4292236883193255E-4
0.0038240868132561447
0.0038240868132561447
0.0038240868132561447
0.0038240868132561447
0.005506328687382241
0.0038240868132561447
0.0038240868132561447
8.733227538565794E-4
0.0038240868132561447
1.4292236883193255E-4
0.0038240868132561447
0.0038240868132561447
0.0038240868132561447
9.499147379149993E-4
0.0038240868132561447
0.0038240868132561447
0.0038240868132561447
0.0038240868132561447
0.0038240868132561447
0.0038240868132561447
1.4292236883193255E-4
0.0038240868132561447
0.0038240868132561447
6.072019459679723E-4
0.0038240868132561447
8.34870074565212E-5
0.0038240868132561447
0.0038240868132561447
0.0038240868132561447
0.0038240868132561447
0.0038240868132561447
