2.089289715513587E-4
0.0035631742949287096
0.0035631742949287096
0.0035631742949287096
0.0035631742949287096
0.0035631742949287096
0.0035631742949287096
0.0035631742949287096
0.0035631742949287096
0.0035631742949287096
0.0035631742949287096
0.0035631742949287096
0.0035631742949287096
0.0035631742949287096
0.0035631742949287096
0.0035631742949287096
0.0035631742949287096
0.0035631742949287096
0.0035631742949287096
0.0035631742949287096
0.0035631742949287096
8.34870074565212E-5
0.0035631742949287096
0.0035631742949287096
8.34870074565212E-5
0.0035631742949287096
8.34870074565212E-5
0.0035631742949287096
0.0035631742949287096
0.0035631742949287096
0.0035631742949287096
0.0035631742949287096
