2.0828184982140858E-4
0.0036474183667451142
0.0036474183667451142
0.0036474183667451142
0.0036474183667451142
1.4292236883193255E-4
0.0036474183667451142
0.0036474183667451142
1.4292236883193255E-4
0.0036474183667451142
5.928190502648552E-4
0.0036474183667451142
0.0036474183667451142
0.0036474183667451142
2.711275049174825E-4
0.0036474183667451142
0.0036474183667451142
0.0036474183667451142
0.0036474183667451142
0.0036474183667451142
0.0036474183667451142
0.0036474183667451142
0.0036474183667451142
0.0036474183667451142
5.928190502648552E-4
0.0036474183667451142
1.4292236883193255E-4
0.0036474183667451142
0.0036474183667451142
0.0036474183667451142
2.711275049174825E-4
0.0036474183667451142
