0.024996732594445348
0.00664370009326376
0.00664370009326376
0.00664370009326376
0.00664370009326376
0.00664370009326376
1.4338234905153513E-4
2.6452985912328586E-4
0.00664370009326376
0.00664370009326376
0.00664370009326376
4.416547599248588E-4
0.0010146112326765433
0.00664370009326376
0.00664370009326376
0.00664370009326376
0.00664370009326376
0.00664370009326376
0.00664370009326376
0.00664370009326376
0.00664370009326376
0.00664370009326376
0.00664370009326376
0.00664370009326376
0.00664370009326376
0.00664370009326376
0.00664370009326376
0.00664370009326376
0.00664370009326376
0.00664370009326376
0.00664370009326376
0.00664370009326376
0.00664370009326376
0.00664370009326376
0.00664370009326376
0.00664370009326376
0.00664370009326376
0.00664370009326376
0.00664370009326376
0.00664370009326376
0.00664370009326376
0.00664370009326376
0.00664370009326376
0.00664370009326376
0.00664370009326376
0.00664370009326376
0.00664370009326376
0.00664370009326376
0.00664370009326376
0.00664370009326376
0.00664370009326376
0.00664370009326376
0.00664370009326376
0.00664370009326376
0.00664370009326376
0.00664370009326376
0.00664370009326376
0.00664370009326376
0.00664370009326376
0.00664370009326376
0.00664370009326376
0.00664370009326376
0.00664370009326376
0.00664370009326376
0.00664370009326376
0.00664370009326376
0.00664370009326376
0.00664370009326376
0.00664370009326376
0.00664370009326376
0.00664370009326376
0.00664370009326376
0.00664370009326376
0.00664370009326376
0.00664370009326376
0.00664370009326376
0.00664370009326376
0.00664370009326376
0.00664370009326376
0.00664370009326376
0.00664370009326376
