0.024996732594445348
1.4338234905153513E-4
1.4338234905153513E-4
1.4338234905153513E-4
1.4338234905153513E-4
1.4338234905153513E-4
1.4338234905153513E-4
1.4338234905153513E-4
8.786764810793102E-4
1.4338234905153513E-4
1.4338234905153513E-4
1.4338234905153513E-4
1.4338234905153513E-4
1.4338234905153513E-4
1.4338234905153513E-4
1.4338234905153513E-4
1.4338234905153513E-4
1.4338234905153513E-4
1.4338234905153513E-4
1.4338234905153513E-4
1.4338234905153513E-4
1.4338234905153513E-4
1.4338234905153513E-4
1.4338234905153513E-4
1.4338234905153513E-4
1.4338234905153513E-4
1.4338234905153513E-4
1.4338234905153513E-4
1.4338234905153513E-4
1.4338234905153513E-4
1.4338234905153513E-4
1.4338234905153513E-4
1.4338234905153513E-4
1.4338234905153513E-4
1.4338234905153513E-4
1.4338234905153513E-4
1.4338234905153513E-4
1.4338234905153513E-4
1.4338234905153513E-4
1.4338234905153513E-4
1.4338234905153513E-4
1.4338234905153513E-4
1.4338234905153513E-4
1.4338234905153513E-4
1.4338234905153513E-4
1.4338234905153513E-4
1.4338234905153513E-4
1.4338234905153513E-4
1.4338234905153513E-4
1.4338234905153513E-4
1.4338234905153513E-4
1.4338234905153513E-4
1.4338234905153513E-4
1.4338234905153513E-4
1.4338234905153513E-4
1.4338234905153513E-4
1.4338234905153513E-4
1.4338234905153513E-4
1.4338234905153513E-4
1.4338234905153513E-4
1.4338234905153513E-4
1.4338234905153513E-4
1.4338234905153513E-4
1.4338234905153513E-4
1.4338234905153513E-4
1.4338234905153513E-4
1.4338234905153513E-4
1.4338234905153513E-4
1.4338234905153513E-4
1.4338234905153513E-4
1.4338234905153513E-4
1.4338234905153513E-4
1.4338234905153513E-4
1.4338234905153513E-4
1.4338234905153513E-4
1.4338234905153513E-4
1.4338234905153513E-4
1.4338234905153513E-4
1.4338234905153513E-4
1.4338234905153513E-4
1.4338234905153513E-4
