0.009330065688118339
0.0012203968653921038
0.0012203968653921038
0.0012203968653921038
0.0012203968653921038
0.0012203968653921038
0.0012203968653921038
0.0012203968653921038
0.0012203968653921038
0.0012203968653921038
2.7931710064876825E-4
8.786764810793102E-4
2.7931710064876825E-4
0.0012203968653921038
0.0012203968653921038
0.0012203968653921038
0.0012203968653921038
0.0012203968653921038
0.0012203968653921038
0.0012203968653921038
0.0012203968653921038
0.0012203968653921038
0.0012203968653921038
0.0012203968653921038
0.0012203968653921038
0.0012203968653921038
0.0012203968653921038
0.0012203968653921038
0.0012203968653921038
0.0012203968653921038
0.0012203968653921038
0.0012203968653921038
0.0012203968653921038
0.0012203968653921038
0.0012203968653921038
0.0012203968653921038
0.0012203968653921038
0.0012203968653921038
0.0012203968653921038
0.0012203968653921038
0.0012203968653921038
0.0012203968653921038
0.0012203968653921038
0.0012203968653921038
0.0012203968653921038
0.0012203968653921038
0.0012203968653921038
0.0012203968653921038
0.0012203968653921038
0.0012203968653921038
0.0012203968653921038
0.0012203968653921038
0.0012203968653921038
0.0012203968653921038
0.0012203968653921038
0.0012203968653921038
0.0012203968653921038
0.0012203968653921038
0.0012203968653921038
0.0012203968653921038
0.0012203968653921038
0.0012203968653921038
0.0012203968653921038
0.0012203968653921038
0.0012203968653921038
0.0012203968653921038
0.0012203968653921038
0.0012203968653921038
0.0012203968653921038
0.0012203968653921038
0.0012203968653921038
0.0012203968653921038
0.0012203968653921038
0.0012203968653921038
0.0012203968653921038
0.0012203968653921038
0.0012203968653921038
0.0012203968653921038
0.0012203968653921038
0.0012203968653921038
0.0012203968653921038
