0.016875711851753294
0.0010602996553643607
0.0010602996553643607
0.0010602996553643607
0.0010602996553643607
0.0010602996553643607
0.0010602996553643607
0.0010602996553643607
1.4338234905153513E-4
0.0010602996553643607
0.00277035913313739
1.4338234905153513E-4
0.0010602996553643607
0.0010602996553643607
0.0010602996553643607
0.0010602996553643607
0.0010602996553643607
0.0010602996553643607
0.0010602996553643607
0.0010602996553643607
0.0010602996553643607
0.0010602996553643607
0.0010602996553643607
0.0010602996553643607
0.0010602996553643607
0.0010602996553643607
0.0010602996553643607
0.0010602996553643607
0.0010602996553643607
0.0010602996553643607
0.0010602996553643607
0.0010602996553643607
0.0010602996553643607
0.0010602996553643607
0.0010602996553643607
0.0010602996553643607
0.0010602996553643607
0.0010602996553643607
0.0010602996553643607
0.0010602996553643607
0.0010602996553643607
0.0010602996553643607
0.0010602996553643607
0.0010602996553643607
0.0010602996553643607
0.0010602996553643607
0.0010602996553643607
0.0010602996553643607
0.0010602996553643607
0.0010602996553643607
0.0010602996553643607
0.0010602996553643607
0.0010602996553643607
0.0010602996553643607
0.0010602996553643607
0.0010602996553643607
0.0010602996553643607
0.0010602996553643607
0.0010602996553643607
0.0010602996553643607
0.0010602996553643607
0.0010602996553643607
0.0010602996553643607
0.0010602996553643607
0.0010602996553643607
0.0010602996553643607
0.0010602996553643607
0.0010602996553643607
0.0010602996553643607
0.0010602996553643607
0.0010602996553643607
0.0010602996553643607
0.0010602996553643607
0.0010602996553643607
0.0010602996553643607
0.0010602996553643607
0.0010602996553643607
0.0010602996553643607
0.0010602996553643607
0.0010602996553643607
0.0010602996553643607
