0.009330065688118339
0.006095508491853252
0.006095508491853252
0.006095508491853252
0.006095508491853252
0.006095508491853252
0.006095508491853252
0.006095508491853252
0.0010146112326765433
8.589824428781867E-4
0.006095508491853252
4.416547599248588E-4
0.006095508491853252
0.006095508491853252
5.165166803635657E-4
0.006095508491853252
0.006095508491853252
0.006095508491853252
0.006095508491853252
0.006095508491853252
0.006095508491853252
0.006095508491853252
0.006095508491853252
0.006095508491853252
0.006095508491853252
4.416547599248588E-4
2.7931710064876825E-4
0.006095508491853252
0.006095508491853252
0.006095508491853252
0.006095508491853252
0.006095508491853252
0.006095508491853252
0.006095508491853252
0.006095508491853252
0.006095508491853252
0.006095508491853252
0.006095508491853252
0.006095508491853252
0.006095508491853252
0.006095508491853252
0.006095508491853252
0.006095508491853252
0.006095508491853252
0.006095508491853252
0.006095508491853252
0.006095508491853252
0.006095508491853252
0.006095508491853252
0.006095508491853252
0.006095508491853252
0.006095508491853252
0.006095508491853252
0.006095508491853252
0.006095508491853252
0.006095508491853252
0.006095508491853252
0.006095508491853252
0.006095508491853252
0.006095508491853252
0.006095508491853252
0.006095508491853252
0.006095508491853252
0.006095508491853252
0.006095508491853252
0.006095508491853252
0.006095508491853252
0.006095508491853252
0.006095508491853252
0.006095508491853252
0.006095508491853252
0.006095508491853252
0.006095508491853252
0.006095508491853252
0.006095508491853252
0.006095508491853252
0.006095508491853252
0.006095508491853252
0.006095508491853252
0.006095508491853252
0.006095508491853252
