3.821896685015721E-4
6.299111157810936E-4
4.039228704641573E-4
8.992291404865682E-5
3.644550160970539E-4
1.7385633206383014E-4
3.3183422104533143E-4
2.1410345604332785E-4
2.0438881717079008E-4
1.0949099475207428E-4
1.5961131672762954E-4
5.746179900597781E-4
1.0949099475207428E-4
5.739910217622916E-5
1.0949099475207428E-4
5.739910217622916E-5
5.739910217622916E-5
2.8787963286352656E-4
1.2243975264330704E-4
1.0949099475207428E-4
0.02678175490970413
1.2243975264330704E-4
8.256403380073607E-5
1.0949099475207428E-4
1.0949099475207428E-4
8.256403380073607E-5
8.256403380073607E-5
1.0949099475207428E-4
1.0949099475207428E-4
5.739910217622916E-5
6.513912909819434E-4
1.0949099475207428E-4
1.7385633206383014E-4
5.739910217622916E-5
1.0949099475207428E-4
1.0949099475207428E-4
5.739910217622916E-5
1.0949099475207428E-4
5.739910217622916E-5
5.739910217622916E-5
1.0949099475207428E-4
5.746179900597781E-4
1.0949099475207428E-4
1.0949099475207428E-4
1.0949099475207428E-4
0.0067240658681839705
1.0949099475207428E-4
8.256403380073607E-5
1.2243975264330704E-4
1.0949099475207428E-4
1.0949099475207428E-4
8.256403380073607E-5
1.0949099475207428E-4
1.0949099475207428E-4
1.0949099475207428E-4
1.0949099475207428E-4
2.4484406070162854E-4
1.0949099475207428E-4
1.0949099475207428E-4
1.7385633206383014E-4
1.0949099475207428E-4
1.0949099475207428E-4
5.739910217622916E-5
1.0949099475207428E-4
1.0949099475207428E-4
1.0949099475207428E-4
1.0949099475207428E-4
1.0949099475207428E-4
1.0949099475207428E-4
1.0949099475207428E-4
1.0949099475207428E-4
2.8787963286352656E-4
1.0949099475207428E-4
1.0949099475207428E-4
0.02678175490970413
1.0949099475207428E-4
1.0949099475207428E-4
1.0949099475207428E-4
1.0949099475207428E-4
1.0949099475207428E-4
8.256403380073607E-5
1.0949099475207428E-4
1.0949099475207428E-4
1.0949099475207428E-4
1.0949099475207428E-4
1.0949099475207428E-4
1.0949099475207428E-4
1.0949099475207428E-4
1.0949099475207428E-4
1.0949099475207428E-4
1.0949099475207428E-4
1.0949099475207428E-4
1.0949099475207428E-4
1.0949099475207428E-4
1.0949099475207428E-4
1.0949099475207428E-4
1.0949099475207428E-4
1.0949099475207428E-4
1.0949099475207428E-4
1.0949099475207428E-4
1.0949099475207428E-4
1.0949099475207428E-4
1.0949099475207428E-4
1.0949099475207428E-4
1.0949099475207428E-4
1.0949099475207428E-4
1.0949099475207428E-4
1.0949099475207428E-4
1.0949099475207428E-4
1.0949099475207428E-4
1.0949099475207428E-4
1.0949099475207428E-4
1.0949099475207428E-4
1.0949099475207428E-4
1.0949099475207428E-4
1.0949099475207428E-4
1.0949099475207428E-4
1.0949099475207428E-4
1.0949099475207428E-4
1.0949099475207428E-4
1.0949099475207428E-4
1.0949099475207428E-4
1.0949099475207428E-4
1.0949099475207428E-4
1.0949099475207428E-4
1.0949099475207428E-4
1.0949099475207428E-4
1.0949099475207428E-4
1.0949099475207428E-4
1.0949099475207428E-4
1.0949099475207428E-4
1.0949099475207428E-4
1.0949099475207428E-4
1.0949099475207428E-4
1.0949099475207428E-4
1.0949099475207428E-4
1.0949099475207428E-4
1.0949099475207428E-4
1.0949099475207428E-4
1.0949099475207428E-4
1.0949099475207428E-4
1.0949099475207428E-4
1.0949099475207428E-4
1.0949099475207428E-4
1.0949099475207428E-4
1.0949099475207428E-4
1.0949099475207428E-4
1.0949099475207428E-4
1.0949099475207428E-4
1.0949099475207428E-4
1.0949099475207428E-4
1.0949099475207428E-4
1.0949099475207428E-4
1.0949099475207428E-4
1.0949099475207428E-4
1.0949099475207428E-4
1.0949099475207428E-4
1.0949099475207428E-4
1.0949099475207428E-4
1.0949099475207428E-4
1.0949099475207428E-4
1.0949099475207428E-4
1.0949099475207428E-4
1.0949099475207428E-4
1.0949099475207428E-4
1.0949099475207428E-4
1.0949099475207428E-4
1.0949099475207428E-4
1.0949099475207428E-4
1.0949099475207428E-4
1.0949099475207428E-4
1.0949099475207428E-4
1.0949099475207428E-4
1.0949099475207428E-4
1.0949099475207428E-4
1.0949099475207428E-4
1.0949099475207428E-4
1.0949099475207428E-4
1.0949099475207428E-4
1.0949099475207428E-4
1.0949099475207428E-4
1.0949099475207428E-4
1.0949099475207428E-4
1.0949099475207428E-4
1.0949099475207428E-4
1.0949099475207428E-4
1.0949099475207428E-4
1.0949099475207428E-4
1.0949099475207428E-4
1.0949099475207428E-4
1.0949099475207428E-4
1.0949099475207428E-4
1.0949099475207428E-4
1.0949099475207428E-4
1.0949099475207428E-4
1.0949099475207428E-4
1.0949099475207428E-4
1.0949099475207428E-4
1.0949099475207428E-4
1.0949099475207428E-4
1.0949099475207428E-4
1.0949099475207428E-4
1.0949099475207428E-4
1.0949099475207428E-4
1.0949099475207428E-4
1.0949099475207428E-4
1.0949099475207428E-4
1.0949099475207428E-4
1.0949099475207428E-4
1.0949099475207428E-4
1.0949099475207428E-4
1.0949099475207428E-4
1.0949099475207428E-4
1.0949099475207428E-4
1.0949099475207428E-4
1.0949099475207428E-4
1.0949099475207428E-4
1.0949099475207428E-4
1.0949099475207428E-4
1.0949099475207428E-4
1.0949099475207428E-4
1.0949099475207428E-4
1.0949099475207428E-4
1.0949099475207428E-4
