1.7385633206383014E-4
3.1758920570913084E-4
3.1758920570913084E-4
3.592831955756992E-4
6.366209922513614E-4
1.7385633206383014E-4
1.7385633206383014E-4
2.4594498148265606E-4
1.7385633206383014E-4
4.7368246790332097E-4
2.5535582099109886E-4
2.973457992387315E-4
2.5535582099109886E-4
5.739910217622916E-5
0.0035608249619447935
5.739910217622916E-5
5.739910217622916E-5
1.7937573575181885E-4
0.006749230799808477
8.256403380073607E-5
1.7937573575181885E-4
8.256403380073607E-5
8.256403380073607E-5
0.0071589817273585744
8.256403380073607E-5
8.256403380073607E-5
8.256403380073607E-5
3.715875345127036E-4
0.0071589817273585744
3.1758920570913084E-4
5.913586826257718E-4
0.0071589817273585744
1.7385633206383014E-4
2.594193133215109E-4
0.0071589817273585744
2.5535582099109886E-4
5.739910217622916E-5
0.0071589817273585744
2.5535582099109886E-4
8.256403380073607E-5
0.0071589817273585744
1.7937573575181885E-4
0.003577713018360858
0.0071589817273585744
1.7937573575181885E-4
1.2243975264330704E-4
0.0071589817273585744
3.715875345127036E-4
1.2243975264330704E-4
0.0071589817273585744
3.715875345127036E-4
8.256403380073607E-5
0.0071589817273585744
0.0071589817273585744
3.715875345127036E-4
0.0071589817273585744
2.4594498148265606E-4
0.0071589817273585744
0.0071589817273585744
1.7385633206383014E-4
0.0071589817273585744
0.0071589817273585744
8.256403380073607E-5
0.0071589817273585744
0.0071589817273585744
2.5535582099109886E-4
0.0071589817273585744
0.0071589817273585744
0.0034158974168046067
0.0071589817273585744
0.0071589817273585744
0.00684604250175956
0.0071589817273585744
0.0071589817273585744
8.256403380073607E-5
0.0071589817273585744
0.0071589817273585744
8.256403380073607E-5
0.0071589817273585744
0.0071589817273585744
3.715875345127036E-4
0.0071589817273585744
0.0071589817273585744
3.715875345127036E-4
0.0071589817273585744
0.0071589817273585744
0.0071589817273585744
0.0071589817273585744
0.0071589817273585744
0.0071589817273585744
0.0071589817273585744
0.0071589817273585744
0.0071589817273585744
0.0071589817273585744
0.0071589817273585744
0.0071589817273585744
0.0071589817273585744
0.0071589817273585744
0.0071589817273585744
0.0071589817273585744
0.0071589817273585744
0.0071589817273585744
0.0071589817273585744
0.0071589817273585744
0.0071589817273585744
0.0071589817273585744
0.0071589817273585744
3.715875345127036E-4
0.0071589817273585744
0.0071589817273585744
0.0071589817273585744
0.0071589817273585744
0.0071589817273585744
0.0071589817273585744
0.0071589817273585744
0.0071589817273585744
0.0071589817273585744
0.0071589817273585744
0.0071589817273585744
0.0071589817273585744
0.0071589817273585744
0.0071589817273585744
0.0071589817273585744
0.0071589817273585744
0.0071589817273585744
0.0071589817273585744
0.0071589817273585744
0.0071589817273585744
0.0071589817273585744
0.0071589817273585744
0.0071589817273585744
0.0071589817273585744
0.0071589817273585744
0.0071589817273585744
0.0071589817273585744
0.0071589817273585744
0.0071589817273585744
0.0071589817273585744
0.0071589817273585744
0.0071589817273585744
0.0071589817273585744
0.0071589817273585744
0.0071589817273585744
0.0071589817273585744
0.0071589817273585744
0.0071589817273585744
0.0071589817273585744
0.0071589817273585744
0.0071589817273585744
0.0071589817273585744
0.0071589817273585744
0.0071589817273585744
0.0071589817273585744
0.0071589817273585744
0.0071589817273585744
0.0071589817273585744
0.0071589817273585744
0.0071589817273585744
0.0071589817273585744
0.0071589817273585744
0.0071589817273585744
0.0071589817273585744
0.0071589817273585744
0.0071589817273585744
0.0071589817273585744
0.0071589817273585744
0.0071589817273585744
0.0071589817273585744
0.0071589817273585744
0.0071589817273585744
0.0071589817273585744
0.0071589817273585744
0.0071589817273585744
0.0071589817273585744
0.0071589817273585744
0.0071589817273585744
0.0071589817273585744
0.0071589817273585744
0.0071589817273585744
0.0071589817273585744
0.0071589817273585744
0.0071589817273585744
0.0071589817273585744
0.0071589817273585744
0.0071589817273585744
0.0071589817273585744
0.0071589817273585744
0.0071589817273585744
0.0071589817273585744
0.0071589817273585744
0.0071589817273585744
0.0071589817273585744
0.0071589817273585744
0.0071589817273585744
0.0071589817273585744
0.0071589817273585744
0.0071589817273585744
0.0071589817273585744
0.0071589817273585744
0.0071589817273585744
0.0071589817273585744
0.0071589817273585744
0.0071589817273585744
0.0071589817273585744
0.0071589817273585744
0.0071589817273585744
0.0071589817273585744
0.0071589817273585744
0.0071589817273585744
0.0071589817273585744
0.0071589817273585744
0.0071589817273585744
0.0071589817273585744
0.0071589817273585744
0.0071589817273585744
0.0071589817273585744
0.0071589817273585744
0.0071589817273585744
0.0071589817273585744
0.0071589817273585744
0.0071589817273585744
0.0071589817273585744
0.0071589817273585744
0.0071589817273585744
