2.4330078013008461E-4
1.5961131672762954E-4
4.0428097709082066E-4
2.919431251939386E-4
7.130944810342044E-4
1.7385633206383014E-4
1.7385633206383014E-4
2.4437963535698753E-4
1.7385633206383014E-4
2.0413251137748982E-4
0.0016898837600213786
1.7385633206383014E-4
8.256403380073607E-5
5.739910217622916E-5
2.4437963535698753E-4
0.06012244064671298
5.739910217622916E-5
3.278782843456914E-4
8.256403380073607E-5
8.256403380073607E-5
7.706878473982215E-4
8.256403380073607E-5
8.256403380073607E-5
7.706878473982215E-4
8.256403380073607E-5
8.256403380073607E-5
8.256403380073607E-5
8.256403380073607E-5
2.3561218404211104E-4
7.670418068300933E-4
9.971962911852945E-4
2.3561218404211104E-4
1.7385633206383014E-4
5.739910217622916E-5
2.3561218404211104E-4
2.973457992387315E-4
5.739910217622916E-5
2.3561218404211104E-4
8.256403380073607E-5
5.739910217622916E-5
2.3561218404211104E-4
3.278782843456914E-4
8.256403380073607E-5
2.3561218404211104E-4
1.7229098593816162E-4
1.2243975264330704E-4
2.3561218404211104E-4
8.256403380073607E-5
1.2243975264330704E-4
2.3561218404211104E-4
1.7229098593816162E-4
8.256403380073607E-5
2.3561218404211104E-4
2.3561218404211104E-4
8.256403380073607E-5
2.3561218404211104E-4
6.208186755732943E-4
2.3561218404211104E-4
2.3561218404211104E-4
1.7385633206383014E-4
2.3561218404211104E-4
2.3561218404211104E-4
8.256403380073607E-5
2.3561218404211104E-4
2.3561218404211104E-4
8.256403380073607E-5
2.3561218404211104E-4
2.3561218404211104E-4
2.4437963535698753E-4
2.3561218404211104E-4
2.3561218404211104E-4
3.278782843456914E-4
2.3561218404211104E-4
2.3561218404211104E-4
2.492027919894705E-4
2.3561218404211104E-4
2.3561218404211104E-4
8.256403380073607E-5
2.3561218404211104E-4
2.3561218404211104E-4
8.256403380073607E-5
2.3561218404211104E-4
2.3561218404211104E-4
2.3561218404211104E-4
2.3561218404211104E-4
2.3561218404211104E-4
2.3561218404211104E-4
2.3561218404211104E-4
2.3561218404211104E-4
2.3561218404211104E-4
2.3561218404211104E-4
2.3561218404211104E-4
2.3561218404211104E-4
2.3561218404211104E-4
2.3561218404211104E-4
2.3561218404211104E-4
2.3561218404211104E-4
2.3561218404211104E-4
2.3561218404211104E-4
2.3561218404211104E-4
2.3561218404211104E-4
2.3561218404211104E-4
2.3561218404211104E-4
2.3561218404211104E-4
2.3561218404211104E-4
2.3561218404211104E-4
2.3561218404211104E-4
2.3561218404211104E-4
2.3561218404211104E-4
2.3561218404211104E-4
2.3561218404211104E-4
2.3561218404211104E-4
2.3561218404211104E-4
2.3561218404211104E-4
2.3561218404211104E-4
2.3561218404211104E-4
2.3561218404211104E-4
2.3561218404211104E-4
2.3561218404211104E-4
2.3561218404211104E-4
2.3561218404211104E-4
2.3561218404211104E-4
2.3561218404211104E-4
2.3561218404211104E-4
2.3561218404211104E-4
2.3561218404211104E-4
2.3561218404211104E-4
2.3561218404211104E-4
2.3561218404211104E-4
2.3561218404211104E-4
2.3561218404211104E-4
2.3561218404211104E-4
2.3561218404211104E-4
2.3561218404211104E-4
2.3561218404211104E-4
2.3561218404211104E-4
2.3561218404211104E-4
2.3561218404211104E-4
2.3561218404211104E-4
2.3561218404211104E-4
2.3561218404211104E-4
2.3561218404211104E-4
2.3561218404211104E-4
2.3561218404211104E-4
2.3561218404211104E-4
2.3561218404211104E-4
2.3561218404211104E-4
2.3561218404211104E-4
2.3561218404211104E-4
2.3561218404211104E-4
2.3561218404211104E-4
2.3561218404211104E-4
2.3561218404211104E-4
2.3561218404211104E-4
2.3561218404211104E-4
2.3561218404211104E-4
2.3561218404211104E-4
2.3561218404211104E-4
2.3561218404211104E-4
2.3561218404211104E-4
2.3561218404211104E-4
2.3561218404211104E-4
2.3561218404211104E-4
2.3561218404211104E-4
2.3561218404211104E-4
2.3561218404211104E-4
2.3561218404211104E-4
2.3561218404211104E-4
2.3561218404211104E-4
2.3561218404211104E-4
2.3561218404211104E-4
2.3561218404211104E-4
2.3561218404211104E-4
2.3561218404211104E-4
2.3561218404211104E-4
2.3561218404211104E-4
2.3561218404211104E-4
2.3561218404211104E-4
2.3561218404211104E-4
2.3561218404211104E-4
2.3561218404211104E-4
2.3561218404211104E-4
2.3561218404211104E-4
2.3561218404211104E-4
2.3561218404211104E-4
2.3561218404211104E-4
2.3561218404211104E-4
2.3561218404211104E-4
2.3561218404211104E-4
2.3561218404211104E-4
2.3561218404211104E-4
2.3561218404211104E-4
2.3561218404211104E-4
2.3561218404211104E-4
2.3561218404211104E-4
2.3561218404211104E-4
2.3561218404211104E-4
2.3561218404211104E-4
2.3561218404211104E-4
2.3561218404211104E-4
2.3561218404211104E-4
2.3561218404211104E-4
2.3561218404211104E-4
2.3561218404211104E-4
2.3561218404211104E-4
2.3561218404211104E-4
2.3561218404211104E-4
2.3561218404211104E-4
2.3561218404211104E-4
2.3561218404211104E-4
2.3561218404211104E-4
2.3561218404211104E-4
2.3561218404211104E-4
2.3561218404211104E-4
2.3561218404211104E-4
2.3561218404211104E-4
2.3561218404211104E-4
2.3561218404211104E-4
2.3561218404211104E-4
2.3561218404211104E-4
2.3561218404211104E-4
2.3561218404211104E-4
2.3561218404211104E-4
2.3561218404211104E-4
