5.203626414489311E-4
1.5961131672762954E-4
2.4594498148265606E-4
2.919431251939386E-4
0.002310995355946943
1.7385633206383014E-4
1.7385633206383014E-4
2.4437963535698753E-4
1.7385633206383014E-4
1.7385633206383014E-4
0.0031644363674179963
1.7385633206383014E-4
8.256403380073607E-5
5.739910217622916E-5
2.769034472294152E-4
5.739910217622916E-5
5.739910217622916E-5
3.278782843456914E-4
8.256403380073607E-5
8.256403380073607E-5
0.0020003940211609007
8.256403380073607E-5
8.256403380073607E-5
1.7229098593816162E-4
8.256403380073607E-5
8.256403380073607E-5
8.256403380073607E-5
4.4682634373505913E-4
4.4682634373505913E-4
0.0012332394408682982
0.0044334522273857145
4.4682634373505913E-4
1.7385633206383014E-4
5.739910217622916E-5
4.4682634373505913E-4
2.973457992387315E-4
5.739910217622916E-5
4.4682634373505913E-4
8.256403380073607E-5
5.739910217622916E-5
4.4682634373505913E-4
3.278782843456914E-4
8.256403380073607E-5
4.4682634373505913E-4
1.7229098593816162E-4
1.2243975264330704E-4
4.4682634373505913E-4
8.256403380073607E-5
1.2243975264330704E-4
4.4682634373505913E-4
1.7229098593816162E-4
8.256403380073607E-5
4.4682634373505913E-4
4.4682634373505913E-4
8.256403380073607E-5
8.256403380073607E-5
9.823919157497586E-4
4.4682634373505913E-4
4.4682634373505913E-4
1.7385633206383014E-4
4.4682634373505913E-4
4.4682634373505913E-4
8.256403380073607E-5
4.4682634373505913E-4
4.4682634373505913E-4
8.256403380073607E-5
4.4682634373505913E-4
4.4682634373505913E-4
2.4437963535698753E-4
4.4682634373505913E-4
4.4682634373505913E-4
3.278782843456914E-4
4.4682634373505913E-4
4.4682634373505913E-4
8.1536925281398E-4
4.4682634373505913E-4
4.4682634373505913E-4
8.256403380073607E-5
4.4682634373505913E-4
4.4682634373505913E-4
8.256403380073607E-5
4.4682634373505913E-4
4.4682634373505913E-4
4.4682634373505913E-4
4.4682634373505913E-4
4.4682634373505913E-4
4.4682634373505913E-4
4.4682634373505913E-4
4.4682634373505913E-4
4.4682634373505913E-4
4.4682634373505913E-4
4.4682634373505913E-4
4.4682634373505913E-4
4.4682634373505913E-4
4.4682634373505913E-4
4.4682634373505913E-4
4.4682634373505913E-4
4.4682634373505913E-4
4.4682634373505913E-4
4.4682634373505913E-4
4.4682634373505913E-4
4.4682634373505913E-4
4.4682634373505913E-4
4.4682634373505913E-4
4.4682634373505913E-4
4.4682634373505913E-4
4.4682634373505913E-4
4.4682634373505913E-4
4.4682634373505913E-4
4.4682634373505913E-4
4.4682634373505913E-4
4.4682634373505913E-4
4.4682634373505913E-4
4.4682634373505913E-4
4.4682634373505913E-4
4.4682634373505913E-4
4.4682634373505913E-4
4.4682634373505913E-4
4.4682634373505913E-4
4.4682634373505913E-4
4.4682634373505913E-4
4.4682634373505913E-4
4.4682634373505913E-4
4.4682634373505913E-4
4.4682634373505913E-4
4.4682634373505913E-4
4.4682634373505913E-4
4.4682634373505913E-4
4.4682634373505913E-4
4.4682634373505913E-4
4.4682634373505913E-4
4.4682634373505913E-4
4.4682634373505913E-4
4.4682634373505913E-4
4.4682634373505913E-4
4.4682634373505913E-4
4.4682634373505913E-4
4.4682634373505913E-4
4.4682634373505913E-4
4.4682634373505913E-4
4.4682634373505913E-4
4.4682634373505913E-4
4.4682634373505913E-4
4.4682634373505913E-4
4.4682634373505913E-4
4.4682634373505913E-4
4.4682634373505913E-4
4.4682634373505913E-4
4.4682634373505913E-4
4.4682634373505913E-4
4.4682634373505913E-4
4.4682634373505913E-4
4.4682634373505913E-4
4.4682634373505913E-4
4.4682634373505913E-4
4.4682634373505913E-4
4.4682634373505913E-4
4.4682634373505913E-4
4.4682634373505913E-4
4.4682634373505913E-4
4.4682634373505913E-4
4.4682634373505913E-4
4.4682634373505913E-4
4.4682634373505913E-4
4.4682634373505913E-4
4.4682634373505913E-4
4.4682634373505913E-4
4.4682634373505913E-4
4.4682634373505913E-4
4.4682634373505913E-4
4.4682634373505913E-4
4.4682634373505913E-4
4.4682634373505913E-4
4.4682634373505913E-4
4.4682634373505913E-4
4.4682634373505913E-4
4.4682634373505913E-4
4.4682634373505913E-4
4.4682634373505913E-4
4.4682634373505913E-4
4.4682634373505913E-4
4.4682634373505913E-4
4.4682634373505913E-4
4.4682634373505913E-4
4.4682634373505913E-4
4.4682634373505913E-4
4.4682634373505913E-4
4.4682634373505913E-4
4.4682634373505913E-4
4.4682634373505913E-4
4.4682634373505913E-4
4.4682634373505913E-4
4.4682634373505913E-4
4.4682634373505913E-4
4.4682634373505913E-4
4.4682634373505913E-4
4.4682634373505913E-4
4.4682634373505913E-4
4.4682634373505913E-4
4.4682634373505913E-4
4.4682634373505913E-4
4.4682634373505913E-4
4.4682634373505913E-4
4.4682634373505913E-4
4.4682634373505913E-4
4.4682634373505913E-4
4.4682634373505913E-4
4.4682634373505913E-4
4.4682634373505913E-4
4.4682634373505913E-4
4.4682634373505913E-4
4.4682634373505913E-4
4.4682634373505913E-4
4.4682634373505913E-4
4.4682634373505913E-4
4.4682634373505913E-4
4.4682634373505913E-4
4.4682634373505913E-4
4.4682634373505913E-4
4.4682634373505913E-4
4.4682634373505913E-4
4.4682634373505913E-4
4.4682634373505913E-4
4.4682634373505913E-4
