0.0012891933554783463
0.0
5.482456375223895E-6
0.0
0.0014905122807249427
3.735058999154717E-5
8.870522821477303E-5
5.482456375223895E-6
3.735058999154717E-5
8.870522821477303E-5
3.874479695999374E-4
3.1868133616323274E-5
7.710100908298045E-6
7.710100908298045E-6
9.75928793195635E-5
7.710100908298045E-6
7.710100908298045E-6
3.1868133616323274E-5
7.710100908298045E-6
7.710100908298045E-6
0.004917710381171976
7.710100908298045E-6
7.710100908298045E-6
8.818234782665968E-5
5.285014825252195E-5
7.710100908298045E-6
5.285014825252195E-5
5.285014825252195E-5
4.3644897329310576E-4
0.0016272963490337133
0.004114407595867912
4.3644897329310576E-4
3.735058999154717E-5
0.0
4.3644897329310576E-4
8.870522821477303E-5
5.482456375223895E-6
4.3644897329310576E-4
7.710100908298045E-6
7.710100908298045E-6
4.3644897329310576E-4
3.1868133616323274E-5
7.710100908298045E-6
4.3644897329310576E-4
4.3644897329310576E-4
7.710100908298045E-6
4.3644897329310576E-4
5.285014825252195E-5
7.710100908298045E-6
4.3644897329310576E-4
8.818234782665968E-5
7.710100908298045E-6
4.3644897329310576E-4
4.3644897329310576E-4
1.0984837426804006E-4
4.3644897329310576E-4
6.782372258991624E-4
4.3644897329310576E-4
4.3644897329310576E-4
3.735058999154717E-5
4.3644897329310576E-4
4.3644897329310576E-4
5.482456375223895E-6
4.3644897329310576E-4
4.3644897329310576E-4
7.710100908298045E-6
4.3644897329310576E-4
4.3644897329310576E-4
1.9469411539224286E-4
4.3644897329310576E-4
4.3644897329310576E-4
3.1868133616323274E-5
4.3644897329310576E-4
4.3644897329310576E-4
8.791256831803669E-4
4.3644897329310576E-4
4.3644897329310576E-4
5.285014825252195E-5
4.3644897329310576E-4
4.3644897329310576E-4
1.0984837426804006E-4
4.3644897329310576E-4
4.3644897329310576E-4
4.3644897329310576E-4
4.3644897329310576E-4
4.3644897329310576E-4
4.3644897329310576E-4
4.3644897329310576E-4
4.3644897329310576E-4
4.3644897329310576E-4
4.3644897329310576E-4
4.3644897329310576E-4
4.3644897329310576E-4
4.3644897329310576E-4
4.3644897329310576E-4
4.3644897329310576E-4
4.3644897329310576E-4
4.3644897329310576E-4
4.3644897329310576E-4
4.3644897329310576E-4
4.3644897329310576E-4
4.3644897329310576E-4
4.3644897329310576E-4
4.3644897329310576E-4
4.3644897329310576E-4
4.3644897329310576E-4
4.3644897329310576E-4
4.3644897329310576E-4
4.3644897329310576E-4
4.3644897329310576E-4
4.3644897329310576E-4
4.3644897329310576E-4
4.3644897329310576E-4
4.3644897329310576E-4
4.3644897329310576E-4
4.3644897329310576E-4
4.3644897329310576E-4
4.3644897329310576E-4
4.3644897329310576E-4
4.3644897329310576E-4
4.3644897329310576E-4
4.3644897329310576E-4
4.3644897329310576E-4
4.3644897329310576E-4
4.3644897329310576E-4
4.3644897329310576E-4
4.3644897329310576E-4
4.3644897329310576E-4
4.3644897329310576E-4
4.3644897329310576E-4
4.3644897329310576E-4
4.3644897329310576E-4
4.3644897329310576E-4
4.3644897329310576E-4
4.3644897329310576E-4
4.3644897329310576E-4
4.3644897329310576E-4
4.3644897329310576E-4
4.3644897329310576E-4
4.3644897329310576E-4
4.3644897329310576E-4
4.3644897329310576E-4
4.3644897329310576E-4
4.3644897329310576E-4
4.3644897329310576E-4
4.3644897329310576E-4
4.3644897329310576E-4
4.3644897329310576E-4
4.3644897329310576E-4
4.3644897329310576E-4
4.3644897329310576E-4
4.3644897329310576E-4
4.3644897329310576E-4
4.3644897329310576E-4
4.3644897329310576E-4
4.3644897329310576E-4
4.3644897329310576E-4
4.3644897329310576E-4
4.3644897329310576E-4
4.3644897329310576E-4
4.3644897329310576E-4
4.3644897329310576E-4
4.3644897329310576E-4
4.3644897329310576E-4
4.3644897329310576E-4
4.3644897329310576E-4
4.3644897329310576E-4
4.3644897329310576E-4
4.3644897329310576E-4
4.3644897329310576E-4
4.3644897329310576E-4
4.3644897329310576E-4
4.3644897329310576E-4
4.3644897329310576E-4
4.3644897329310576E-4
4.3644897329310576E-4
4.3644897329310576E-4
4.3644897329310576E-4
4.3644897329310576E-4
4.3644897329310576E-4
4.3644897329310576E-4
4.3644897329310576E-4
4.3644897329310576E-4
4.3644897329310576E-4
4.3644897329310576E-4
4.3644897329310576E-4
4.3644897329310576E-4
4.3644897329310576E-4
4.3644897329310576E-4
4.3644897329310576E-4
4.3644897329310576E-4
4.3644897329310576E-4
4.3644897329310576E-4
4.3644897329310576E-4
4.3644897329310576E-4
4.3644897329310576E-4
4.3644897329310576E-4
4.3644897329310576E-4
4.3644897329310576E-4
4.3644897329310576E-4
4.3644897329310576E-4
4.3644897329310576E-4
4.3644897329310576E-4
4.3644897329310576E-4
4.3644897329310576E-4
4.3644897329310576E-4
4.3644897329310576E-4
4.3644897329310576E-4
4.3644897329310576E-4
4.3644897329310576E-4
4.3644897329310576E-4
4.3644897329310576E-4
4.3644897329310576E-4
4.3644897329310576E-4
4.3644897329310576E-4
4.3644897329310576E-4
4.3644897329310576E-4
4.3644897329310576E-4
4.3644897329310576E-4
4.3644897329310576E-4
4.3644897329310576E-4
4.3644897329310576E-4
4.3644897329310576E-4
4.3644897329310576E-4
