2.000000017384688E-4
2.000000017384688E-4
5.022518744226545E-5
0.0
7.974389862890045E-4
3.735058999154717E-5
3.735058999154717E-5
5.022518744226545E-5
3.735058999154717E-5
5.022518744226545E-5
3.735058999154717E-5
3.1868133616323274E-5
5.24528319753396E-5
7.710100908298045E-6
5.24528319753396E-5
7.710100908298045E-6
7.710100908298045E-6
3.1868133616323274E-5
7.710100908298045E-6
7.710100908298045E-6
0.028850266847681875
7.710100908298045E-6
7.710100908298045E-6
3.485961079907914E-4
8.818234782665968E-5
7.710100908298045E-6
7.710100908298045E-6
8.818234782665968E-5
3.485961079907914E-4
5.482456375223895E-6
8.62745118016998E-4
3.485961079907914E-4
3.735058999154717E-5
0.0
3.485961079907914E-4
5.022518744226545E-5
5.482456375223895E-6
3.485961079907914E-4
7.710100908298045E-6
7.710100908298045E-6
3.485961079907914E-4
3.1868133616323274E-5
5.24528319753396E-5
3.485961079907914E-4
8.818234782665968E-5
7.710100908298045E-6
3.485961079907914E-4
7.710100908298045E-6
7.710100908298045E-6
3.485961079907914E-4
3.485961079907914E-4
7.710100908298045E-6
3.485961079907914E-4
3.485961079907914E-4
3.485961079907914E-4
3.485961079907914E-4
5.022518744226545E-5
3.485961079907914E-4
3.485961079907914E-4
3.735058999154717E-5
3.485961079907914E-4
3.485961079907914E-4
5.482456375223895E-6
3.485961079907914E-4
3.485961079907914E-4
5.24528319753396E-5
3.485961079907914E-4
3.485961079907914E-4
5.24528319753396E-5
3.485961079907914E-4
3.485961079907914E-4
3.1868133616323274E-5
3.485961079907914E-4
3.485961079907914E-4
0.028850266847681875
3.485961079907914E-4
3.485961079907914E-4
3.485961079907914E-4
3.485961079907914E-4
3.485961079907914E-4
6.470832692381615E-5
3.485961079907914E-4
3.485961079907914E-4
3.485961079907914E-4
3.485961079907914E-4
3.485961079907914E-4
3.485961079907914E-4
3.485961079907914E-4
3.485961079907914E-4
3.485961079907914E-4
3.485961079907914E-4
3.485961079907914E-4
3.485961079907914E-4
3.485961079907914E-4
3.485961079907914E-4
3.485961079907914E-4
3.485961079907914E-4
3.485961079907914E-4
3.485961079907914E-4
3.485961079907914E-4
3.485961079907914E-4
3.485961079907914E-4
3.485961079907914E-4
3.485961079907914E-4
3.485961079907914E-4
3.485961079907914E-4
3.485961079907914E-4
3.485961079907914E-4
3.485961079907914E-4
3.485961079907914E-4
3.485961079907914E-4
3.485961079907914E-4
3.485961079907914E-4
3.485961079907914E-4
3.485961079907914E-4
3.485961079907914E-4
3.485961079907914E-4
3.485961079907914E-4
3.485961079907914E-4
3.485961079907914E-4
3.485961079907914E-4
3.485961079907914E-4
3.485961079907914E-4
3.485961079907914E-4
3.485961079907914E-4
3.485961079907914E-4
3.485961079907914E-4
3.485961079907914E-4
3.485961079907914E-4
3.485961079907914E-4
3.485961079907914E-4
3.485961079907914E-4
3.485961079907914E-4
3.485961079907914E-4
3.485961079907914E-4
3.485961079907914E-4
3.485961079907914E-4
3.485961079907914E-4
3.485961079907914E-4
3.485961079907914E-4
3.485961079907914E-4
3.485961079907914E-4
3.485961079907914E-4
3.485961079907914E-4
3.485961079907914E-4
3.485961079907914E-4
3.485961079907914E-4
3.485961079907914E-4
3.485961079907914E-4
3.485961079907914E-4
3.485961079907914E-4
3.485961079907914E-4
3.485961079907914E-4
3.485961079907914E-4
3.485961079907914E-4
3.485961079907914E-4
3.485961079907914E-4
3.485961079907914E-4
3.485961079907914E-4
3.485961079907914E-4
3.485961079907914E-4
3.485961079907914E-4
3.485961079907914E-4
3.485961079907914E-4
3.485961079907914E-4
3.485961079907914E-4
3.485961079907914E-4
3.485961079907914E-4
3.485961079907914E-4
3.485961079907914E-4
3.485961079907914E-4
3.485961079907914E-4
3.485961079907914E-4
3.485961079907914E-4
3.485961079907914E-4
3.485961079907914E-4
3.485961079907914E-4
3.485961079907914E-4
3.485961079907914E-4
3.485961079907914E-4
3.485961079907914E-4
3.485961079907914E-4
3.485961079907914E-4
3.485961079907914E-4
3.485961079907914E-4
3.485961079907914E-4
3.485961079907914E-4
3.485961079907914E-4
3.485961079907914E-4
3.485961079907914E-4
3.485961079907914E-4
3.485961079907914E-4
3.485961079907914E-4
3.485961079907914E-4
3.485961079907914E-4
3.485961079907914E-4
3.485961079907914E-4
3.485961079907914E-4
3.485961079907914E-4
3.485961079907914E-4
3.485961079907914E-4
3.485961079907914E-4
3.485961079907914E-4
3.485961079907914E-4
3.485961079907914E-4
3.485961079907914E-4
3.485961079907914E-4
3.485961079907914E-4
3.485961079907914E-4
3.485961079907914E-4
3.485961079907914E-4
3.485961079907914E-4
3.485961079907914E-4
3.485961079907914E-4
3.485961079907914E-4
3.485961079907914E-4
3.485961079907914E-4
3.485961079907914E-4
3.485961079907914E-4
3.485961079907914E-4
3.485961079907914E-4
3.485961079907914E-4
3.485961079907914E-4
3.485961079907914E-4
