5.394489038735628E-4
0.0
5.022518744226545E-5
0.0
4.700474285831054E-4
3.735058999154717E-5
3.735058999154717E-5
5.022518744226545E-5
3.735058999154717E-5
5.022518744226545E-5
3.3614076625478143E-4
3.852814018803959E-5
5.24528319753396E-5
7.710100908298045E-6
5.24528319753396E-5
4.8742174743286645E-4
7.710100908298045E-6
1.0433190618641675E-4
7.710100908298045E-6
7.710100908298045E-6
3.1868133616323274E-5
7.710100908298045E-6
7.710100908298045E-6
3.6149604129604996E-4
7.505017129005864E-5
7.505017129005864E-5
7.505017129005864E-5
1.774170363205485E-4
3.6149604129604996E-4
1.780760707333684E-4
0.0018804047411928573
3.6149604129604996E-4
3.735058999154717E-5
5.482456375223895E-6
3.6149604129604996E-4
5.022518744226545E-5
5.482456375223895E-6
3.6149604129604996E-4
5.24528319753396E-5
7.710100908298045E-6
3.6149604129604996E-4
0.006698534899624064
5.24528319753396E-5
3.6149604129604996E-4
0.010455154976807535
7.710100908298045E-6
3.6149604129604996E-4
1.774170363205485E-4
7.710100908298045E-6
3.6149604129604996E-4
2.4338781998570387E-4
7.505017129005864E-5
3.6149604129604996E-4
3.6149604129604996E-4
2.4338781998570387E-4
3.6149604129604996E-4
5.022518744226545E-5
3.6149604129604996E-4
3.6149604129604996E-4
3.735058999154717E-5
3.6149604129604996E-4
3.6149604129604996E-4
5.482456375223895E-6
3.6149604129604996E-4
3.6149604129604996E-4
5.24528319753396E-5
3.6149604129604996E-4
3.6149604129604996E-4
5.24528319753396E-5
3.6149604129604996E-4
3.6149604129604996E-4
3.1868133616323274E-5
3.6149604129604996E-4
3.6149604129604996E-4
7.505017129005864E-5
3.6149604129604996E-4
3.6149604129604996E-4
6.470832692381615E-5
3.6149604129604996E-4
3.6149604129604996E-4
2.4338781998570387E-4
3.6149604129604996E-4
3.6149604129604996E-4
2.4338781998570387E-4
3.6149604129604996E-4
3.6149604129604996E-4
3.6149604129604996E-4
3.6149604129604996E-4
3.6149604129604996E-4
3.6149604129604996E-4
3.6149604129604996E-4
3.6149604129604996E-4
3.6149604129604996E-4
3.6149604129604996E-4
3.6149604129604996E-4
3.6149604129604996E-4
3.6149604129604996E-4
3.6149604129604996E-4
3.6149604129604996E-4
3.6149604129604996E-4
3.6149604129604996E-4
3.6149604129604996E-4
3.6149604129604996E-4
3.6149604129604996E-4
3.6149604129604996E-4
3.6149604129604996E-4
3.6149604129604996E-4
1.774170363205485E-4
3.6149604129604996E-4
3.6149604129604996E-4
3.6149604129604996E-4
3.6149604129604996E-4
3.6149604129604996E-4
3.6149604129604996E-4
3.6149604129604996E-4
3.6149604129604996E-4
3.6149604129604996E-4
3.6149604129604996E-4
3.6149604129604996E-4
3.6149604129604996E-4
3.6149604129604996E-4
3.6149604129604996E-4
3.6149604129604996E-4
3.6149604129604996E-4
3.6149604129604996E-4
3.6149604129604996E-4
3.6149604129604996E-4
3.6149604129604996E-4
3.6149604129604996E-4
3.6149604129604996E-4
3.6149604129604996E-4
3.6149604129604996E-4
3.6149604129604996E-4
3.6149604129604996E-4
3.6149604129604996E-4
3.6149604129604996E-4
3.6149604129604996E-4
3.6149604129604996E-4
3.6149604129604996E-4
3.6149604129604996E-4
3.6149604129604996E-4
3.6149604129604996E-4
3.6149604129604996E-4
3.6149604129604996E-4
3.6149604129604996E-4
3.6149604129604996E-4
3.6149604129604996E-4
3.6149604129604996E-4
3.6149604129604996E-4
3.6149604129604996E-4
3.6149604129604996E-4
3.6149604129604996E-4
3.6149604129604996E-4
3.6149604129604996E-4
3.6149604129604996E-4
3.6149604129604996E-4
3.6149604129604996E-4
3.6149604129604996E-4
3.6149604129604996E-4
3.6149604129604996E-4
3.6149604129604996E-4
3.6149604129604996E-4
3.6149604129604996E-4
3.6149604129604996E-4
3.6149604129604996E-4
3.6149604129604996E-4
3.6149604129604996E-4
3.6149604129604996E-4
3.6149604129604996E-4
3.6149604129604996E-4
3.6149604129604996E-4
3.6149604129604996E-4
3.6149604129604996E-4
3.6149604129604996E-4
3.6149604129604996E-4
3.6149604129604996E-4
3.6149604129604996E-4
3.6149604129604996E-4
3.6149604129604996E-4
3.6149604129604996E-4
3.6149604129604996E-4
3.6149604129604996E-4
3.6149604129604996E-4
3.6149604129604996E-4
3.6149604129604996E-4
3.6149604129604996E-4
3.6149604129604996E-4
3.6149604129604996E-4
3.6149604129604996E-4
3.6149604129604996E-4
3.6149604129604996E-4
3.6149604129604996E-4
3.6149604129604996E-4
3.6149604129604996E-4
3.6149604129604996E-4
3.6149604129604996E-4
3.6149604129604996E-4
3.6149604129604996E-4
3.6149604129604996E-4
3.6149604129604996E-4
3.6149604129604996E-4
3.6149604129604996E-4
3.6149604129604996E-4
3.6149604129604996E-4
3.6149604129604996E-4
3.6149604129604996E-4
3.6149604129604996E-4
3.6149604129604996E-4
3.6149604129604996E-4
3.6149604129604996E-4
3.6149604129604996E-4
3.6149604129604996E-4
3.6149604129604996E-4
3.6149604129604996E-4
3.6149604129604996E-4
3.6149604129604996E-4
3.6149604129604996E-4
3.6149604129604996E-4
3.6149604129604996E-4
3.6149604129604996E-4
3.6149604129604996E-4
3.6149604129604996E-4
3.6149604129604996E-4
3.6149604129604996E-4
