0.014712165181602661
1.5093701901302363E-4
0.00985646117090558
0.014712165181602661
1.5093701901302363E-4
1.5093701901302363E-4
2.4054275369659686E-4
1.5093701901302363E-4
2.4054275369659686E-4
1.5093701901302363E-4
0.01238322549421961
0.04436300781865914
1.5093701901302363E-4
0.00985646117090558
1.5093701901302363E-4
1.4117258591189358E-4
1.5093701901302363E-4
1.5093701901302363E-4
1.5093701901302363E-4
1.5093701901302363E-4
1.5093701901302363E-4
1.5093701901302363E-4
1.5093701901302363E-4
1.5093701901302363E-4
1.5093701901302363E-4
1.5093701901302363E-4
1.5093701901302363E-4
1.5093701901302363E-4
1.5093701901302363E-4
1.5093701901302363E-4
