0.002033597651946669
2.371439230046235E-4
0.04436300781865914
0.002033597651946669
1.5093701901302363E-4
1.5093701901302363E-4
1.5093701901302363E-4
0.009671942037918295
1.5093701901302363E-4
1.5093701901302363E-4
6.677328827208839E-4
1.5093701901302363E-4
1.5093701901302363E-4
1.5093701901302363E-4
1.5093701901302363E-4
1.5093701901302363E-4
1.5093701901302363E-4
0.028461562683029722
1.5093701901302363E-4
1.5093701901302363E-4
1.5093701901302363E-4
1.5093701901302363E-4
1.5093701901302363E-4
1.5093701901302363E-4
1.5093701901302363E-4
1.5093701901302363E-4
1.5093701901302363E-4
1.5093701901302363E-4
1.5093701901302363E-4
1.5093701901302363E-4
