0.021824163446823756
0.04053095282870345
3.244234215041312E-4
3.244234215041312E-4
3.244234215041312E-4
3.244234215041312E-4
3.244234215041312E-4
3.244234215041312E-4
3.244234215041312E-4
3.244234215041312E-4
3.244234215041312E-4
3.244234215041312E-4
3.244234215041312E-4
3.244234215041312E-4
3.244234215041312E-4
3.244234215041312E-4
3.244234215041312E-4
3.244234215041312E-4
3.244234215041312E-4
3.244234215041312E-4
3.244234215041312E-4
3.244234215041312E-4
3.244234215041312E-4
3.244234215041312E-4
3.244234215041312E-4
3.244234215041312E-4
3.244234215041312E-4
3.244234215041312E-4
3.244234215041312E-4
3.244234215041312E-4
