0.04881775826215744
0.018621904703710848
3.244234215041312E-4
1.4117258591189358E-4
3.244234215041312E-4
3.244234215041312E-4
3.244234215041312E-4
3.244234215041312E-4
3.244234215041312E-4
3.244234215041312E-4
3.244234215041312E-4
3.244234215041312E-4
3.244234215041312E-4
3.244234215041312E-4
3.244234215041312E-4
3.244234215041312E-4
3.244234215041312E-4
3.244234215041312E-4
3.244234215041312E-4
3.244234215041312E-4
3.244234215041312E-4
3.244234215041312E-4
3.244234215041312E-4
3.244234215041312E-4
3.244234215041312E-4
3.244234215041312E-4
3.244234215041312E-4
3.244234215041312E-4
3.244234215041312E-4
3.244234215041312E-4
