0.002123203386630242
2.371439230046235E-4
0.04436300781865914
0.002123203386630242
1.5093701901302363E-4
1.5093701901302363E-4
0.005934798061692466
1.5093701901302363E-4
1.5093701901302363E-4
1.5093701901302363E-4
6.677328827208839E-4
1.5093701901302363E-4
1.5093701901302363E-4
0.04436300781865914
1.5093701901302363E-4
1.5093701901302363E-4
1.5093701901302363E-4
1.5093701901302363E-4
1.5093701901302363E-4
1.5093701901302363E-4
1.5093701901302363E-4
1.5093701901302363E-4
1.5093701901302363E-4
1.5093701901302363E-4
1.5093701901302363E-4
1.5093701901302363E-4
1.5093701901302363E-4
1.5093701901302363E-4
1.5093701901302363E-4
1.5093701901302363E-4
