0.002123203386630242
2.371439230046235E-4
0.014962152449879796
0.002123203386630242
1.5093701901302363E-4
1.5093701901302363E-4
0.0069621522561647
1.5093701901302363E-4
1.5093701901302363E-4
1.5093701901302363E-4
0.04436300781865914
0.014962152449879796
1.5093701901302363E-4
1.5093701901302363E-4
1.5093701901302363E-4
1.5093701901302363E-4
1.5093701901302363E-4
1.5093701901302363E-4
1.5093701901302363E-4
1.5093701901302363E-4
1.5093701901302363E-4
1.5093701901302363E-4
1.5093701901302363E-4
1.5093701901302363E-4
1.5093701901302363E-4
1.5093701901302363E-4
1.5093701901302363E-4
1.5093701901302363E-4
1.5093701901302363E-4
1.5093701901302363E-4
