0.002123203386630242
1.5093701901302363E-4
0.04436300781865914
0.002123203386630242
1.5093701901302363E-4
1.5093701901302363E-4
1.5093701901302363E-4
0.0031538780565218377
1.5093701901302363E-4
1.5093701901302363E-4
1.5093701901302363E-4
1.5093701901302363E-4
1.5093701901302363E-4
1.5093701901302363E-4
1.5093701901302363E-4
1.5093701901302363E-4
1.5093701901302363E-4
1.5093701901302363E-4
1.5093701901302363E-4
1.5093701901302363E-4
0.04436300781865914
2.4054275369659686E-4
1.5093701901302363E-4
1.5093701901302363E-4
1.5093701901302363E-4
1.5093701901302363E-4
1.5093701901302363E-4
1.5093701901302363E-4
1.5093701901302363E-4
1.5093701901302363E-4
