0.002123203386630242
1.5093701901302363E-4
0.01238322549421961
0.002123203386630242
1.5093701901302363E-4
1.5093701901302363E-4
0.0069621522561647
1.5093701901302363E-4
1.5093701901302363E-4
1.5093701901302363E-4
0.01238322549421961
2.4054275369659686E-4
1.5093701901302363E-4
0.022883839653028797
0.04436300781865914
0.01238322549421961
1.5093701901302363E-4
1.5093701901302363E-4
1.5093701901302363E-4
1.5093701901302363E-4
1.5093701901302363E-4
1.5093701901302363E-4
1.5093701901302363E-4
1.5093701901302363E-4
1.5093701901302363E-4
1.5093701901302363E-4
1.5093701901302363E-4
1.5093701901302363E-4
1.5093701901302363E-4
1.5093701901302363E-4
