0.00471216503259105
1.5093701901302363E-4
0.00985646117090558
0.00471216503259105
1.5093701901302363E-4
1.5093701901302363E-4
1.5093701901302363E-4
2.4054275369659686E-4
2.4054275369659686E-4
2.4054275369659686E-4
1.5093701901302363E-4
1.5093701901302363E-4
1.5093701901302363E-4
1.5093701901302363E-4
1.5093701901302363E-4
1.5093701901302363E-4
2.4054275369659686E-4
2.4054275369659686E-4
0.03311270012830694
0.04436300781865914
2.4054275369659686E-4
2.4054275369659686E-4
1.5093701901302363E-4
1.5093701901302363E-4
1.5093701901302363E-4
1.5093701901302363E-4
2.4054275369659686E-4
1.4117258591189358E-4
1.5093701901302363E-4
1.5093701901302363E-4
