0.002123203386630242
1.5093701901302363E-4
0.01238322549421961
0.002123203386630242
1.5093701901302363E-4
1.5093701901302363E-4
1.5093701901302363E-4
1.5093701901302363E-4
1.5093701901302363E-4
1.5093701901302363E-4
1.5093701901302363E-4
1.5093701901302363E-4
1.5093701901302363E-4
1.5093701901302363E-4
1.5093701901302363E-4
1.5093701901302363E-4
1.5093701901302363E-4
1.5093701901302363E-4
1.5093701901302363E-4
1.5093701901302363E-4
1.5093701901302363E-4
1.5093701901302363E-4
1.5093701901302363E-4
1.5093701901302363E-4
0.0069621522561647
1.5093701901302363E-4
0.008392204930229734
6.057491307728923E-4
0.04479959867894649
0.01238322549421961
