0.021824163446823756
0.003808767264611864
3.244234215041312E-4
3.244234215041312E-4
3.244234215041312E-4
3.244234215041312E-4
3.244234215041312E-4
3.244234215041312E-4
3.244234215041312E-4
3.244234215041312E-4
3.244234215041312E-4
3.244234215041312E-4
3.244234215041312E-4
3.244234215041312E-4
3.244234215041312E-4
3.244234215041312E-4
3.244234215041312E-4
3.244234215041312E-4
3.244234215041312E-4
3.244234215041312E-4
3.244234215041312E-4
3.244234215041312E-4
3.244234215041312E-4
3.244234215041312E-4
3.244234215041312E-4
3.244234215041312E-4
3.244234215041312E-4
3.244234215041312E-4
3.244234215041312E-4
3.244234215041312E-4
