0.015624540050824483
0.003808767264611864
3.244234215041312E-4
0.015624540050824483
0.06468210608582012
3.244234215041312E-4
3.244234215041312E-4
3.244234215041312E-4
3.244234215041312E-4
3.244234215041312E-4
3.244234215041312E-4
3.244234215041312E-4
3.244234215041312E-4
3.244234215041312E-4
3.244234215041312E-4
3.244234215041312E-4
3.244234215041312E-4
3.244234215041312E-4
3.244234215041312E-4
3.244234215041312E-4
3.244234215041312E-4
3.244234215041312E-4
3.244234215041312E-4
3.244234215041312E-4
3.244234215041312E-4
3.244234215041312E-4
3.244234215041312E-4
3.244234215041312E-4
3.244234215041312E-4
3.244234215041312E-4
