0.04436300781865914
0.04436300781865914
3.244234215041312E-4
3.244234215041312E-4
3.244234215041312E-4
3.244234215041312E-4
3.244234215041312E-4
3.244234215041312E-4
3.244234215041312E-4
3.244234215041312E-4
3.244234215041312E-4
3.244234215041312E-4
3.244234215041312E-4
3.244234215041312E-4
3.244234215041312E-4
3.244234215041312E-4
3.244234215041312E-4
3.244234215041312E-4
3.244234215041312E-4
3.244234215041312E-4
3.244234215041312E-4
3.244234215041312E-4
3.244234215041312E-4
3.244234215041312E-4
3.244234215041312E-4
3.244234215041312E-4
3.244234215041312E-4
3.244234215041312E-4
3.244234215041312E-4
3.244234215041312E-4
