0.034632359196742374
1.5093701901302363E-4
0.002122714894358069
0.034632359196742374
0.00985646117090558
0.002122714894358069
0.002122714894358069
0.002122714894358069
0.002122714894358069
0.002122714894358069
0.002122714894358069
0.002122714894358069
0.002122714894358069
0.002122714894358069
0.002122714894358069
0.002122714894358069
0.002122714894358069
0.002122714894358069
0.002122714894358069
0.002122714894358069
0.002122714894358069
0.002122714894358069
0.002122714894358069
1.7009410706426327E-4
0.002122714894358069
0.002122714894358069
0.002122714894358069
0.002122714894358069
0.002122714894358069
0.002122714894358069
