0.002123203386630242
1.5093701901302363E-4
0.04479959867894649
0.002123203386630242
1.5093701901302363E-4
1.5093701901302363E-4
0.0069621522561647
1.5093701901302363E-4
1.5093701901302363E-4
1.5093701901302363E-4
6.155135638740224E-4
1.5093701901302363E-4
1.5093701901302363E-4
8.895326706503208E-5
0.04479959867894649
1.5093701901302363E-4
1.5093701901302363E-4
1.5093701901302363E-4
1.5093701901302363E-4
1.5093701901302363E-4
1.5093701901302363E-4
1.5093701901302363E-4
1.5093701901302363E-4
1.5093701901302363E-4
1.5093701901302363E-4
1.5093701901302363E-4
1.5093701901302363E-4
1.5093701901302363E-4
1.5093701901302363E-4
1.5093701901302363E-4
