0.5278719028888654
0.5277348481714486
0.5275771888186226
0.5275524926029443
0.5241149548440168
0.5276587780446401
0.5274228651518732
0.5276411917539225
0.5274668430414241
0.5241149548440168
0.5272025922184107
0.5276570840865298
0.5272860770407422
0.5275424596319365
0.5241149548440168
0.5277240747468515
0.5277104734360195
0.5277415707599301
0.5246640397653254
0.5241149548440168
0.5241149548440168
0.5241149548440168
0.5241149548440168
0.5241149548440168
0.5241149548440168
0.5241149548440168
0.5241149548440168
0.5241149548440168
0.5241149548440168
0.5241149548440168
0.5241149548440168
0.5241149548440168
0.52762858477831
0.5276458137058618
0.5241149548440168
0.527437154612518
0.527530487731531
0.5241149548440168
0.527464657767401
0.5241149548440168
0.5273796893926985
0.5277038844584278
0.5276285815540986
0.5241149548440168
0.5241149548440168
0.5276220463613884
0.5241149548440168
0.5246640397653254
0.5264021805881667
0.5241149548440168
0.5277415707599301
0.5314338911431756
0.5241149548440168
0.5241149548440168
0.5241149548440168
0.5241149548440168
0.5241149548440168
0.5241149548440168
0.5241149548440168
0.5241149548440168
0.5241149548440168
0.5241149548440168
0.5275816073295467
0.5241149548440168
0.5241149548440168
0.5276610777141394
0.5277117567440566
0.5241149548440168
0.5276542585464611
0.5241149548440168
0.5276403018608672
0.527677261838107
0.5241149548440168
0.5241149548440168
0.5241149548440168
0.5241149548440168
0.5241149548440168
0.5277110971792014
0.5241149548440168
0.5241149548440168
0.5299317500694793
0.5241149548440168
0.5241149548440168
0.5241149548440168
0.5241149548440168
0.5241149548440168
0.5241149548440168
0.5241149548440168
0.5241149548440168
0.5241149548440168
0.5241149548440168
0.5241149548440168
0.5241149548440168
0.5241149548440168
0.5241149548440168
0.5241149548440168
0.5241149548440168
0.5241149548440168
0.5241149548440168
0.5241149548440168
0.5241149548440168
0.5241149548440168
0.5241149548440168
0.5241149548440168
0.5241149548440168
0.5241149548440168
0.5241149548440168
0.5241149548440168
0.5241149548440168
0.5241149548440168
0.5241149548440168
0.5241149548440168
0.5241149548440168
0.5241149548440168
