0.5278059476704453
0.5278041200956576
0.5278016851806056
0.5278020622161885
0.5276667306498237
0.5278014954061879
0.5278005926112791
0.5278010241314586
0.5278006620595855
0.5276667306498237
0.526967814807757
0.5278018723136484
0.5278015229658907
0.5278019995406535
0.5276667306498237
0.527801625280925
0.5277576946740157
0.5277114076708085
0.5276955087221725
0.5276667306498237
0.5276667306498237
0.5276955087221725
0.5276667306498237
0.5276667306498237
0.5276667306498237
0.5276667306498237
0.5276667306498237
0.5276667306498237
0.5276667306498237
0.5276667306498237
0.5276667306498237
0.5276667306498237
0.5278027008813452
0.5278030613563022
0.5276667306498237
0.5278013188689995
0.5278024921274753
0.5276667306498237
0.5278009027320221
0.5276667306498237
0.523889092139887
0.5278016941956856
0.5278014461025147
0.5276667306498237
0.5276667306498237
0.5278022508138585
0.5276667306498237
0.5276955087221725
0.5277270378813665
0.5276667306498237
0.5277114076708085
0.5276955087221725
0.5276667306498237
0.5276667306498237
0.5276667306498237
0.5276667306498237
0.5276667306498237
0.5276667306498237
0.5276667306498237
0.5276667306498237
0.5276667306498237
0.5276667306498237
0.5278031802168774
0.5276667306498237
0.5276667306498237
0.5278027485911676
0.5278034785614798
0.5276667306498237
0.5278023849475753
0.5276667306498237
0.5278018728468522
0.5315226748157461
0.5276667306498237
0.5276667306498237
0.5276667306498237
0.5276667306498237
0.5276667306498237
0.5277576946740157
0.5276667306498237
0.5276667306498237
0.5276955087221725
0.5276667306498237
0.5276667306498237
0.5276667306498237
0.5276667306498237
0.5276667306498237
0.5276667306498237
0.5276667306498237
0.5276667306498237
0.5276667306498237
0.5276667306498237
0.5276667306498237
0.5276667306498237
0.5276667306498237
0.5276667306498237
0.5276667306498237
0.5276667306498237
0.5276667306498237
0.5276667306498237
0.5276667306498237
0.5276667306498237
0.5276667306498237
0.5276667306498237
0.5276667306498237
0.5276667306498237
0.5276667306498237
0.5276667306498237
0.5276667306498237
0.5276667306498237
0.5276667306498237
0.5276667306498237
0.5276667306498237
0.5276667306498237
0.5276667306498237
