0.5278081860067368
0.5278070204499086
0.5278050311186895
0.5278038961554102
0.5277016789411929
0.5278032695787579
0.527803479493941
0.5315226748157461
0.5278034991107953
0.5277016789411929
0.5278035722652225
0.5278034991107953
0.5278029228837139
0.5278031529974879
0.5277016789411929
0.5277268518056931
0.5277498117799477
0.5277498117799477
0.5277384542156129
0.5277016789411929
0.5277016789411929
0.5277384542156129
0.5277016789411929
0.5277016789411929
0.5277016789411929
0.5277016789411929
0.5277016789411929
0.5277016789411929
0.5277016789411929
0.5277016789411929
0.5277016789411929
0.5277016789411929
0.5278038420849623
0.5278034980443861
0.5277016789411929
0.5278034604101659
0.527804370587815
0.5277016789411929
0.5238907293085889
0.5277016789411929
0.5278036687441209
0.5278030760872171
0.5278028820686057
0.5277016789411929
0.5277016789411929
0.5277936207691752
0.5277016789411929
0.5277384542156129
0.5277384542156129
0.5277016789411929
0.5277498117799477
0.5277384542156129
0.5277016789411929
0.5277016789411929
0.5277016789411929
0.5277016789411929
0.5277016789411929
0.5277016789411929
0.5277016789411929
0.5277016789411929
0.5277016789411929
0.5277016789411929
0.5278051296987236
0.5277016789411929
0.5277016789411929
0.5278046535523304
0.5278050825352072
0.5277016789411929
0.5278030018725197
0.5277016789411929
0.5278017844496574
0.5278031121343993
0.5277016789411929
0.5277016789411929
0.5277016789411929
0.5277016789411929
0.5277016789411929
0.5277720091162365
0.5277016789411929
0.5277016789411929
0.5277268518056931
0.5277016789411929
0.5277016789411929
0.5277016789411929
0.5277016789411929
0.5277016789411929
0.5277016789411929
0.5277016789411929
0.5277016789411929
0.5277016789411929
0.5277016789411929
0.5277016789411929
0.5277016789411929
0.5277016789411929
0.5277016789411929
0.5277016789411929
0.5277016789411929
0.5277016789411929
0.5277016789411929
0.5277016789411929
0.5277016789411929
0.5277016789411929
0.5277016789411929
0.5277016789411929
0.5277016789411929
0.5277016789411929
0.5277016789411929
0.5277016789411929
0.5277016789411929
0.5277016789411929
0.5277016789411929
0.5277016789411929
0.5277016789411929
0.5277016789411929
