0.5278718992496069
0.5277422669501293
0.5275774769021496
0.5274443999392026
0.5240475832245002
0.5276283412589264
0.5272588324248711
0.5276080473261812
0.527327455604326
0.5240475832245002
0.5272308858461914
0.5275991192732928
0.5271958099949534
0.527492459573459
0.5240475832245002
0.5277040565447575
0.5266696928220668
0.5260794750341244
0.5260794750341244
0.5240475832245002
0.5240475832245002
0.5260794750341244
0.5240475832245002
0.5240475832245002
0.5240475832245002
0.5240475832245002
0.5240475832245002
0.5240475832245002
0.5240475832245002
0.5240475832245002
0.5240475832245002
0.5240475832245002
0.5275514864073764
0.5275730116337469
0.5240475832245002
0.5273711443057824
0.5274785176184517
0.5240475832245002
0.5274023356290879
0.5240475832245002
0.5273032523405844
0.5276556328603861
0.5276273354163088
0.5240475832245002
0.5240475832245002
0.5275846244915172
0.5240475832245002
0.531419507821564
0.5263814075886915
0.5240475832245002
0.5262321790446698
0.5260794750341244
0.5240475832245002
0.5240475832245002
0.5240475832245002
0.5240475832245002
0.5240475832245002
0.5240475832245002
0.5240475832245002
0.5240475832245002
0.5240475832245002
0.5240475832245002
0.5275377158834976
0.5240475832245002
0.5240475832245002
0.5276603519782179
0.5276885578251301
0.5240475832245002
0.5276462333795562
0.5240475832245002
0.5276314507582582
0.5276496273093071
0.5240475832245002
0.5240475832245002
0.5240475832245002
0.5240475832245002
0.5240475832245002
0.5276885170575578
0.5240475832245002
0.5240475832245002
0.5260794750341244
0.5240475832245002
0.5240475832245002
0.5240475832245002
0.5240475832245002
0.5240475832245002
0.5240475832245002
0.5240475832245002
0.5240475832245002
0.5240475832245002
0.5240475832245002
0.5240475832245002
0.5240475832245002
0.5240475832245002
0.5240475832245002
0.5240475832245002
0.5240475832245002
0.5240475832245002
0.5240475832245002
0.5240475832245002
0.5240475832245002
0.5240475832245002
0.5240475832245002
0.5240475832245002
0.5240475832245002
0.5240475832245002
0.5240475832245002
0.5240475832245002
0.5240475832245002
0.5240475832245002
0.5240475832245002
0.5240475832245002
0.5240475832245002
0.5240475832245002
