0.5315195918081435
0.5307566572530005
0.529981419198165
0.529842968422594
0.5246465405135331
0.5301706587240265
0.529849476600627
0.5301250924520342
0.5299721961166729
0.5246465405135331
0.5298961755726396
0.5298438657034741
0.5295483724947434
0.5301351031471104
0.5246465405135331
0.530235813183484
0.5293078935818173
0.5289678105416865
0.5287361864073332
0.5246465405135331
0.5246465405135331
0.5287361864073332
0.5246465405135331
0.5246465405135331
0.5246465405135331
0.5246465405135331
0.5246465405135331
0.5246465405135331
0.5246465405135331
0.5246465405135331
0.5246465405135331
0.5246465405135331
0.5299876511513207
0.5301235926206688
0.5246465405135331
0.5298490241836012
0.5298852819752295
0.5246465405135331
0.5299780424490118
0.5246465405135331
0.5300097462357345
0.5301032096025731
0.5300116086681697
0.5246465405135331
0.5246465405135331
0.5303062736276843
0.5246465405135331
0.5287361864073332
0.5289678105416865
0.5246465405135331
0.5289678105416865
0.5287361864073332
0.5246465405135331
0.5246465405135331
0.5246465405135331
0.5246465405135331
0.5246465405135331
0.5246465405135331
0.5246465405135331
0.5246465405135331
0.5246465405135331
0.5246465405135331
0.530125659473287
0.5246465405135331
0.5246465405135331
0.5303663569723812
0.5304997747453544
0.5246465405135331
0.5302403953830717
0.5246465405135331
0.5301439124021339
0.5301278826744984
0.5246465405135331
0.5246465405135331
0.5246465405135331
0.5246465405135331
0.5246465405135331
0.5294644952763012
0.5246465405135331
0.5246465405135331
0.5285460381465824
0.5246465405135331
0.5246465405135331
0.5246465405135331
0.5246465405135331
0.5246465405135331
0.5246465405135331
0.5246465405135331
0.5246465405135331
0.5246465405135331
0.5246465405135331
0.5246465405135331
0.5246465405135331
0.5246465405135331
0.5246465405135331
0.5246465405135331
0.5246465405135331
0.5246465405135331
0.5246465405135331
0.5246465405135331
0.5246465405135331
0.5246465405135331
0.5246465405135331
0.5246465405135331
0.5246465405135331
0.5246465405135331
0.5246465405135331
0.5246465405135331
0.5246465405135331
0.5246465405135331
0.5246465405135331
0.5246465405135331
0.5246465405135331
0.5246465405135331
