0.5278098288833768
0.5278074742542984
0.5278064910825272
0.5278053485617227
0.5277426691635669
0.5278051742993907
0.527805133350455
0.5278051345382001
0.5278053794478086
0.5277426691635669
0.5278051345382001
0.5278046436578591
0.5278050432321141
0.5278052776672472
0.5277426691635669
0.5278050444198593
0.5277687715425707
0.5277687715425707
0.5277687715425707
0.5277426691635669
0.5277426691635669
0.5277687715425707
0.5277426691635669
0.5277426691635669
0.5277426691635669
0.5277426691635669
0.5277426691635669
0.5277426691635669
0.5277426691635669
0.5277426691635669
0.5277426691635669
0.5277426691635669
0.5278066483980004
0.5278065224778778
0.5277426691635669
0.5315226748157461
0.5278055379404711
0.5277426691635669
0.5278051345382001
0.5277426691635669
0.5278050444198593
0.5278051345382001
0.5278048880348604
0.5277426691635669
0.5277426691635669
0.5278055618046026
0.5277426691635669
0.5277687715425707
0.5277687715425707
0.5277426691635669
0.5277687715425707
0.5277687715425707
0.5277426691635669
0.5277426691635669
0.5277426691635669
0.5277426691635669
0.5277426691635669
0.5277426691635669
0.5277426691635669
0.5277426691635669
0.5277426691635669
0.5277426691635669
0.527805679335958
0.5277426691635669
0.5277426691635669
0.5278075846895592
0.5238937464906793
0.5277426691635669
0.5278053937638374
0.5277426691635669
0.5278055623378041
0.5278046436578591
0.5277426691635669
0.5277426691635669
0.5277426691635669
0.5277426691635669
0.5277426691635669
0.5277687715425707
0.5277426691635669
0.5277426691635669
0.5277426691635669
0.5277426691635669
0.5277426691635669
0.5277426691635669
0.5277426691635669
0.5277426691635669
0.5277426691635669
0.5277426691635669
0.5277426691635669
0.5277426691635669
0.5277426691635669
0.5277426691635669
0.5277426691635669
0.5277426691635669
0.5277426691635669
0.5277426691635669
0.5277426691635669
0.5277426691635669
0.5277426691635669
0.5277426691635669
0.5277426691635669
0.5277426691635669
0.5277426691635669
0.5277426691635669
0.5277426691635669
0.5277426691635669
0.5277426691635669
0.5277426691635669
0.5277426691635669
0.5277426691635669
0.5277426691635669
0.5277426691635669
0.5277426691635669
0.5277426691635669
