0.5278136852487086
0.5278138814494947
0.527811799609115
0.5315226748157461
0.527747780780561
0.5278107119322637
0.5278107654653191
0.5278111121313526
0.5278110564718727
0.527747780780561
0.5278109117621723
0.5278110119468173
0.5278109637080941
0.5278040943487917
0.527747780780561
0.5286685674450017
0.5277722252754566
0.5277722252754566
0.5277722252754566
0.527747780780561
0.527747780780561
0.527747780780561
0.527747780780561
0.527747780780561
0.527747780780561
0.527747780780561
0.527747780780561
0.527747780780561
0.527747780780561
0.527747780780561
0.527747780780561
0.527747780780561
0.5278119565063625
0.5278127536025372
0.527747780780561
0.5278108114562071
0.5278115594954742
0.527747780780561
0.5278110114136091
0.527747780780561
0.5278111752053686
0.5278108942732965
0.527811399950815
0.527747780780561
0.527747780780561
0.527811399950815
0.527747780780561
0.5277722252754566
0.5277722252754566
0.527747780780561
0.5277722252754566
0.527747780780561
0.527747780780561
0.527747780780561
0.527747780780561
0.527747780780561
0.527747780780561
0.527747780780561
0.527747780780561
0.527747780780561
0.527747780780561
0.527747780780561
0.5278132486807819
0.527747780780561
0.527747780780561
0.5238995695126315
0.5278125670668025
0.527747780780561
0.527811137041049
0.527747780780561
0.5278109642413022
0.5278114195661284
0.527747780780561
0.527747780780561
0.527747780780561
0.527747780780561
0.527747780780561
0.5277922094700319
0.527747780780561
0.527747780780561
0.527747780780561
0.527747780780561
0.527747780780561
0.527747780780561
0.527747780780561
0.527747780780561
0.527747780780561
0.527747780780561
0.527747780780561
0.527747780780561
0.527747780780561
0.527747780780561
0.527747780780561
0.527747780780561
0.527747780780561
0.527747780780561
0.527747780780561
0.527747780780561
0.527747780780561
0.527747780780561
0.527747780780561
0.527747780780561
0.527747780780561
0.527747780780561
0.527747780780561
0.527747780780561
0.527747780780561
0.527747780780561
0.527747780780561
0.527747780780561
0.527747780780561
0.527747780780561
0.527747780780561
0.527747780780561
