0.004812952224165201
0.0
0.0
0.0
2.652454345176617E-4
0.0
0.0
0.0
0.0
2.652454345176617E-4
0.0
0.0
0.0
0.0
2.652454345176617E-4
0.0
0.001385450322413817
3.540586161155564E-4
4.5046547408370924E-4
2.652454345176617E-4
2.652454345176617E-4
4.5046547408370924E-4
2.652454345176617E-4
2.652454345176617E-4
2.652454345176617E-4
2.652454345176617E-4
2.652454345176617E-4
2.652454345176617E-4
2.652454345176617E-4
2.652454345176617E-4
2.652454345176617E-4
2.652454345176617E-4
0.0
0.0
2.652454345176617E-4
0.0
0.0
2.652454345176617E-4
0.0
2.652454345176617E-4
0.0
0.0
0.0
2.652454345176617E-4
2.652454345176617E-4
0.0
2.652454345176617E-4
4.5046547408370924E-4
6.100669347991546E-4
2.652454345176617E-4
3.540586161155564E-4
4.5046547408370924E-4
2.652454345176617E-4
2.652454345176617E-4
2.652454345176617E-4
2.652454345176617E-4
2.652454345176617E-4
2.652454345176617E-4
2.652454345176617E-4
2.652454345176617E-4
2.652454345176617E-4
2.652454345176617E-4
0.0
2.652454345176617E-4
2.652454345176617E-4
0.0
0.0
2.652454345176617E-4
0.0
2.652454345176617E-4
0.0
0.09814814974864323
2.652454345176617E-4
2.652454345176617E-4
2.652454345176617E-4
2.652454345176617E-4
2.652454345176617E-4
0.001385450322413817
2.652454345176617E-4
2.652454345176617E-4
4.5046547408370924E-4
2.652454345176617E-4
2.652454345176617E-4
2.652454345176617E-4
2.652454345176617E-4
2.652454345176617E-4
2.652454345176617E-4
2.652454345176617E-4
2.652454345176617E-4
2.652454345176617E-4
2.652454345176617E-4
2.652454345176617E-4
2.652454345176617E-4
2.652454345176617E-4
2.652454345176617E-4
2.652454345176617E-4
2.652454345176617E-4
2.652454345176617E-4
2.652454345176617E-4
2.652454345176617E-4
2.652454345176617E-4
2.652454345176617E-4
2.652454345176617E-4
2.652454345176617E-4
2.652454345176617E-4
2.652454345176617E-4
2.652454345176617E-4
2.652454345176617E-4
2.652454345176617E-4
2.652454345176617E-4
2.652454345176617E-4
2.652454345176617E-4
2.652454345176617E-4
2.652454345176617E-4
