0.0037895929378767806
1.6260162616769472E-4
0.0
0.0
3.5807898141987E-4
0.0
0.0
0.0
0.0
3.5807898141987E-4
0.0
0.0
0.0
0.0
3.5807898141987E-4
0.0
0.0
0.0
0.0
3.5807898141987E-4
3.5807898141987E-4
3.5807898141987E-4
3.5807898141987E-4
3.5807898141987E-4
3.5807898141987E-4
3.5807898141987E-4
3.5807898141987E-4
3.5807898141987E-4
3.5807898141987E-4
3.5807898141987E-4
3.5807898141987E-4
3.5807898141987E-4
0.0
0.0
3.5807898141987E-4
0.0
0.0
3.5807898141987E-4
0.0
3.5807898141987E-4
0.0
0.0
0.0
3.5807898141987E-4
3.5807898141987E-4
0.0
3.5807898141987E-4
0.0
0.001385450322413817
3.5807898141987E-4
0.0
0.10000000149011612
3.5807898141987E-4
3.5807898141987E-4
3.5807898141987E-4
3.5807898141987E-4
3.5807898141987E-4
3.5807898141987E-4
3.5807898141987E-4
3.5807898141987E-4
3.5807898141987E-4
3.5807898141987E-4
0.0
3.5807898141987E-4
3.5807898141987E-4
0.0
0.0
3.5807898141987E-4
0.0
3.5807898141987E-4
0.0
0.0
3.5807898141987E-4
3.5807898141987E-4
3.5807898141987E-4
3.5807898141987E-4
3.5807898141987E-4
0.0
3.5807898141987E-4
3.5807898141987E-4
0.0
3.5807898141987E-4
3.5807898141987E-4
3.5807898141987E-4
3.5807898141987E-4
3.5807898141987E-4
3.5807898141987E-4
3.5807898141987E-4
3.5807898141987E-4
3.5807898141987E-4
3.5807898141987E-4
3.5807898141987E-4
3.5807898141987E-4
3.5807898141987E-4
3.5807898141987E-4
3.5807898141987E-4
3.5807898141987E-4
3.5807898141987E-4
3.5807898141987E-4
3.5807898141987E-4
3.5807898141987E-4
3.5807898141987E-4
3.5807898141987E-4
3.5807898141987E-4
3.5807898141987E-4
3.5807898141987E-4
3.5807898141987E-4
3.5807898141987E-4
3.5807898141987E-4
3.5807898141987E-4
3.5807898141987E-4
3.5807898141987E-4
3.5807898141987E-4
3.5807898141987E-4
