0.0037895929378767806
0.0
0.0
0.09814814974864323
2.652454345176617E-4
0.0
0.0
0.0
0.0
2.652454345176617E-4
0.0
0.0
0.0
0.0
2.652454345176617E-4
0.006719577064116796
3.439931669466508E-4
3.439931669466508E-4
3.439931669466508E-4
2.652454345176617E-4
2.652454345176617E-4
2.652454345176617E-4
2.652454345176617E-4
2.652454345176617E-4
2.652454345176617E-4
2.652454345176617E-4
2.652454345176617E-4
2.652454345176617E-4
2.652454345176617E-4
2.652454345176617E-4
2.652454345176617E-4
2.652454345176617E-4
0.0
0.0
2.652454345176617E-4
0.0
0.0
2.652454345176617E-4
0.0
2.652454345176617E-4
0.0
0.0
0.0
2.652454345176617E-4
2.652454345176617E-4
0.0
2.652454345176617E-4
3.439931669466508E-4
3.439931669466508E-4
2.652454345176617E-4
3.439931669466508E-4
2.652454345176617E-4
2.652454345176617E-4
2.652454345176617E-4
2.652454345176617E-4
2.652454345176617E-4
2.652454345176617E-4
2.652454345176617E-4
2.652454345176617E-4
2.652454345176617E-4
2.652454345176617E-4
2.652454345176617E-4
0.0
2.652454345176617E-4
2.652454345176617E-4
0.0
0.0
2.652454345176617E-4
0.0
2.652454345176617E-4
0.0
0.0
2.652454345176617E-4
2.652454345176617E-4
2.652454345176617E-4
2.652454345176617E-4
2.652454345176617E-4
0.001385450322413817
2.652454345176617E-4
2.652454345176617E-4
2.652454345176617E-4
2.652454345176617E-4
2.652454345176617E-4
2.652454345176617E-4
2.652454345176617E-4
2.652454345176617E-4
2.652454345176617E-4
2.652454345176617E-4
2.652454345176617E-4
2.652454345176617E-4
2.652454345176617E-4
2.652454345176617E-4
2.652454345176617E-4
2.652454345176617E-4
2.652454345176617E-4
2.652454345176617E-4
2.652454345176617E-4
2.652454345176617E-4
2.652454345176617E-4
2.652454345176617E-4
2.652454345176617E-4
2.652454345176617E-4
2.652454345176617E-4
2.652454345176617E-4
2.652454345176617E-4
2.652454345176617E-4
2.652454345176617E-4
2.652454345176617E-4
2.652454345176617E-4
2.652454345176617E-4
2.652454345176617E-4
2.652454345176617E-4
2.652454345176617E-4
2.652454345176617E-4
