0.004812952224165201
0.0
0.0
0.0
2.652454345176617E-4
0.0
0.0
0.09338624502221743
0.0
2.652454345176617E-4
0.0
0.0
0.0
0.0
2.652454345176617E-4
2.5115962004444253E-4
5.007773249720534E-4
5.007773249720534E-4
2.5115962004444253E-4
2.652454345176617E-4
2.652454345176617E-4
2.5115962004444253E-4
2.652454345176617E-4
2.652454345176617E-4
2.652454345176617E-4
2.652454345176617E-4
2.652454345176617E-4
2.652454345176617E-4
2.652454345176617E-4
2.652454345176617E-4
2.652454345176617E-4
2.652454345176617E-4
0.0
0.0
2.652454345176617E-4
0.0
0.0
2.652454345176617E-4
0.0
2.652454345176617E-4
0.0
0.0
0.0
2.652454345176617E-4
2.652454345176617E-4
0.002160444939120983
2.652454345176617E-4
2.5115962004444253E-4
2.5115962004444253E-4
2.652454345176617E-4
5.007773249720534E-4
2.5115962004444253E-4
2.652454345176617E-4
2.652454345176617E-4
2.652454345176617E-4
2.652454345176617E-4
2.652454345176617E-4
2.652454345176617E-4
2.652454345176617E-4
2.652454345176617E-4
2.652454345176617E-4
2.652454345176617E-4
0.0
2.652454345176617E-4
2.652454345176617E-4
0.0
0.0
2.652454345176617E-4
0.0
2.652454345176617E-4
0.0
0.0
2.652454345176617E-4
2.652454345176617E-4
2.652454345176617E-4
2.652454345176617E-4
2.652454345176617E-4
5.007773249720534E-4
2.652454345176617E-4
2.652454345176617E-4
2.5115962004444253E-4
2.652454345176617E-4
2.652454345176617E-4
2.652454345176617E-4
2.652454345176617E-4
2.652454345176617E-4
2.652454345176617E-4
2.652454345176617E-4
2.652454345176617E-4
2.652454345176617E-4
2.652454345176617E-4
2.652454345176617E-4
2.652454345176617E-4
2.652454345176617E-4
2.652454345176617E-4
2.652454345176617E-4
2.652454345176617E-4
2.652454345176617E-4
2.652454345176617E-4
2.652454345176617E-4
2.652454345176617E-4
2.652454345176617E-4
2.652454345176617E-4
2.652454345176617E-4
2.652454345176617E-4
2.652454345176617E-4
2.652454345176617E-4
2.652454345176617E-4
2.652454345176617E-4
2.652454345176617E-4
2.652454345176617E-4
2.652454345176617E-4
2.652454345176617E-4
2.652454345176617E-4
