0.004812952224165201
0.0026519111668070155
0.0
0.0
5.0670212173524E-4
0.0
0.0
0.0
0.0
5.0670212173524E-4
0.0
0.0
0.0
0.004278239801836511
5.0670212173524E-4
0.0
5.007773249720534E-4
0.0013173835158037642
4.7958604845916853E-4
5.0670212173524E-4
5.0670212173524E-4
4.7958604845916853E-4
5.0670212173524E-4
5.0670212173524E-4
5.0670212173524E-4
5.0670212173524E-4
5.0670212173524E-4
5.0670212173524E-4
5.0670212173524E-4
5.0670212173524E-4
5.0670212173524E-4
5.0670212173524E-4
0.0
0.0
5.0670212173524E-4
9.480405521268646E-4
0.0
5.0670212173524E-4
0.0
5.0670212173524E-4
0.0
0.0032340852388491235
0.0
5.0670212173524E-4
5.0670212173524E-4
0.01528335635860761
5.0670212173524E-4
4.7958604845916853E-4
0.0013173835158037642
5.0670212173524E-4
0.0013173835158037642
4.7958604845916853E-4
5.0670212173524E-4
5.0670212173524E-4
5.0670212173524E-4
5.0670212173524E-4
5.0670212173524E-4
5.0670212173524E-4
5.0670212173524E-4
5.0670212173524E-4
5.0670212173524E-4
5.0670212173524E-4
0.0
5.0670212173524E-4
5.0670212173524E-4
0.007979761979853114
0.0
5.0670212173524E-4
0.0
5.0670212173524E-4
0.0
0.0018242952258636553
5.0670212173524E-4
5.0670212173524E-4
5.0670212173524E-4
5.0670212173524E-4
5.0670212173524E-4
0.002160444939120983
5.0670212173524E-4
5.0670212173524E-4
3.439931669466508E-4
5.0670212173524E-4
5.0670212173524E-4
5.0670212173524E-4
5.0670212173524E-4
5.0670212173524E-4
5.0670212173524E-4
5.0670212173524E-4
5.0670212173524E-4
5.0670212173524E-4
5.0670212173524E-4
5.0670212173524E-4
5.0670212173524E-4
5.0670212173524E-4
5.0670212173524E-4
5.0670212173524E-4
5.0670212173524E-4
5.0670212173524E-4
5.0670212173524E-4
5.0670212173524E-4
5.0670212173524E-4
5.0670212173524E-4
5.0670212173524E-4
5.0670212173524E-4
5.0670212173524E-4
5.0670212173524E-4
5.0670212173524E-4
5.0670212173524E-4
5.0670212173524E-4
5.0670212173524E-4
5.0670212173524E-4
5.0670212173524E-4
5.0670212173524E-4
5.0670212173524E-4
