0.0037895929378767806
0.0
0.0
0.0
3.5807898141987E-4
0.0
0.0
0.0
0.0
3.5807898141987E-4
0.0
0.0
0.0
0.0
3.5807898141987E-4
0.0
0.001385450322413817
3.439931669466508E-4
3.439931669466508E-4
3.5807898141987E-4
3.5807898141987E-4
3.439931669466508E-4
3.5807898141987E-4
3.5807898141987E-4
3.5807898141987E-4
3.5807898141987E-4
3.5807898141987E-4
3.5807898141987E-4
3.5807898141987E-4
3.5807898141987E-4
3.5807898141987E-4
3.5807898141987E-4
0.0
0.0
3.5807898141987E-4
0.0
0.0
3.5807898141987E-4
0.0
3.5807898141987E-4
0.0
0.0
0.0
3.5807898141987E-4
3.5807898141987E-4
0.0
3.5807898141987E-4
0.10000000149011612
5.007773249720534E-4
3.5807898141987E-4
3.540586161155564E-4
3.439931669466508E-4
3.5807898141987E-4
3.5807898141987E-4
3.5807898141987E-4
3.5807898141987E-4
3.5807898141987E-4
3.5807898141987E-4
3.5807898141987E-4
3.5807898141987E-4
3.5807898141987E-4
3.5807898141987E-4
0.0
3.5807898141987E-4
3.5807898141987E-4
0.0
0.0
3.5807898141987E-4
0.0
3.5807898141987E-4
0.0
0.0
3.5807898141987E-4
3.5807898141987E-4
3.5807898141987E-4
3.5807898141987E-4
3.5807898141987E-4
0.0
3.5807898141987E-4
3.5807898141987E-4
3.439931669466508E-4
3.5807898141987E-4
3.5807898141987E-4
3.5807898141987E-4
3.5807898141987E-4
3.5807898141987E-4
3.5807898141987E-4
3.5807898141987E-4
3.5807898141987E-4
3.5807898141987E-4
3.5807898141987E-4
3.5807898141987E-4
3.5807898141987E-4
3.5807898141987E-4
3.5807898141987E-4
3.5807898141987E-4
3.5807898141987E-4
3.5807898141987E-4
3.5807898141987E-4
3.5807898141987E-4
3.5807898141987E-4
3.5807898141987E-4
3.5807898141987E-4
3.5807898141987E-4
3.5807898141987E-4
3.5807898141987E-4
3.5807898141987E-4
3.5807898141987E-4
3.5807898141987E-4
3.5807898141987E-4
3.5807898141987E-4
3.5807898141987E-4
3.5807898141987E-4
3.5807898141987E-4
