0.004420795353750387
0.0
0.0
0.0
3.5807898141987E-4
0.0
0.0
0.0
0.0
3.5807898141987E-4
0.0
0.0
0.0
0.0
3.5807898141987E-4
0.0
0.0012259357080135183
0.0012259357080135183
0.0012259357080135183
3.5807898141987E-4
3.5807898141987E-4
0.0012259357080135183
3.5807898141987E-4
3.5807898141987E-4
3.5807898141987E-4
3.5807898141987E-4
3.5807898141987E-4
3.5807898141987E-4
3.5807898141987E-4
3.5807898141987E-4
3.5807898141987E-4
3.5807898141987E-4
0.0
0.0
3.5807898141987E-4
0.09814814974864323
0.0
3.5807898141987E-4
0.0
3.5807898141987E-4
0.0
0.0
0.0
3.5807898141987E-4
3.5807898141987E-4
0.0
3.5807898141987E-4
0.0012259357080135183
0.0012259357080135183
3.5807898141987E-4
0.0012259357080135183
0.0012259357080135183
3.5807898141987E-4
3.5807898141987E-4
3.5807898141987E-4
3.5807898141987E-4
3.5807898141987E-4
3.5807898141987E-4
3.5807898141987E-4
3.5807898141987E-4
3.5807898141987E-4
3.5807898141987E-4
0.0
3.5807898141987E-4
3.5807898141987E-4
0.0
0.0
3.5807898141987E-4
0.0
3.5807898141987E-4
0.0
0.0
3.5807898141987E-4
3.5807898141987E-4
3.5807898141987E-4
3.5807898141987E-4
3.5807898141987E-4
0.0012259357080135183
3.5807898141987E-4
3.5807898141987E-4
3.5807898141987E-4
3.5807898141987E-4
3.5807898141987E-4
3.5807898141987E-4
3.5807898141987E-4
3.5807898141987E-4
3.5807898141987E-4
3.5807898141987E-4
3.5807898141987E-4
3.5807898141987E-4
3.5807898141987E-4
3.5807898141987E-4
3.5807898141987E-4
3.5807898141987E-4
3.5807898141987E-4
3.5807898141987E-4
3.5807898141987E-4
3.5807898141987E-4
3.5807898141987E-4
3.5807898141987E-4
3.5807898141987E-4
3.5807898141987E-4
3.5807898141987E-4
3.5807898141987E-4
3.5807898141987E-4
3.5807898141987E-4
3.5807898141987E-4
3.5807898141987E-4
3.5807898141987E-4
3.5807898141987E-4
3.5807898141987E-4
3.5807898141987E-4
3.5807898141987E-4
3.5807898141987E-4
