0.5069830252238048
0.5218612172617243
0.5218612172617243
0.5218612172617243
0.5218612172617243
0.5218612172617243
0.5218612172617243
0.5218612172617243
0.49481526320973224
0.5218612172617243
0.5015780338202284
0.501053987476304
0.5218612172617243
0.5218612172617243
0.5218612172617243
0.5218612172617243
0.5218612172617243
0.5218612172617243
0.5218612172617243
0.5218612172617243
0.5218612172617243
0.5218612172617243
0.5218612172617243
0.5218612172617243
0.5218612172617243
0.5218612172617243
0.5218612172617243
0.5218612172617243
0.5218612172617243
0.5218612172617243
0.5218612172617243
0.5218612172617243
0.5218612172617243
0.5218612172617243
0.5218612172617243
0.5218612172617243
0.5218612172617243
0.5218612172617243
0.5218612172617243
0.5218612172617243
0.5218612172617243
0.5218612172617243
0.5218612172617243
0.5218612172617243
0.5218612172617243
0.5218612172617243
0.5218612172617243
0.5218612172617243
0.5218612172617243
0.5218612172617243
0.5218612172617243
0.5218612172617243
0.5218612172617243
0.5218612172617243
0.5218612172617243
0.5218612172617243
0.5218612172617243
0.5218612172617243
0.5218612172617243
0.5218612172617243
0.5218612172617243
0.5218612172617243
0.5218612172617243
0.5218612172617243
0.5218612172617243
0.5218612172617243
0.5218612172617243
0.5218612172617243
0.5218612172617243
0.5218612172617243
0.5218612172617243
0.5218612172617243
0.5218612172617243
0.5218612172617243
0.5218612172617243
0.5218612172617243
0.5218612172617243
0.5218612172617243
0.5218612172617243
0.5218612172617243
0.5218612172617243
