0.5004139970851587
0.487741501696089
0.487741501696089
0.487741501696089
0.487741501696089
0.487741501696089
0.487741501696089
0.487741501696089
0.5020969228264371
0.487741501696089
0.49054857649571054
0.49150295818597706
0.487741501696089
0.487741501696089
0.487741501696089
0.487741501696089
0.487741501696089
0.487741501696089
0.487741501696089
0.487741501696089
0.487741501696089
0.487741501696089
0.487741501696089
0.487741501696089
0.487741501696089
0.487741501696089
0.487741501696089
0.487741501696089
0.487741501696089
0.487741501696089
0.487741501696089
0.487741501696089
0.487741501696089
0.487741501696089
0.487741501696089
0.487741501696089
0.487741501696089
0.487741501696089
0.487741501696089
0.487741501696089
0.487741501696089
0.487741501696089
0.487741501696089
0.487741501696089
0.487741501696089
0.487741501696089
0.487741501696089
0.487741501696089
0.487741501696089
0.487741501696089
0.487741501696089
0.487741501696089
0.487741501696089
0.487741501696089
0.487741501696089
0.487741501696089
0.487741501696089
0.487741501696089
0.487741501696089
0.487741501696089
0.487741501696089
0.487741501696089
0.487741501696089
0.487741501696089
0.487741501696089
0.487741501696089
0.487741501696089
0.487741501696089
0.487741501696089
0.487741501696089
0.487741501696089
0.487741501696089
0.487741501696089
0.487741501696089
0.487741501696089
0.487741501696089
0.487741501696089
0.487741501696089
0.487741501696089
0.487741501696089
0.487741501696089
