0.509341758461509
0.5080188995803548
0.5080188995803548
0.5080188995803548
0.5080188995803548
0.5080188995803548
0.4982799143145821
0.5054524694780664
0.5080188995803548
0.5080188995803548
0.5080188995803548
0.5157307091233363
0.49632546180646536
0.5080188995803548
0.5080188995803548
0.5080188995803548
0.5080188995803548
0.5080188995803548
0.5080188995803548
0.5080188995803548
0.5080188995803548
0.5080188995803548
0.5080188995803548
0.5080188995803548
0.5080188995803548
0.5080188995803548
0.5080188995803548
0.5080188995803548
0.5080188995803548
0.5080188995803548
0.5080188995803548
0.5080188995803548
0.5080188995803548
0.5080188995803548
0.5080188995803548
0.5080188995803548
0.5080188995803548
0.5080188995803548
0.5080188995803548
0.5080188995803548
0.5080188995803548
0.5080188995803548
0.5080188995803548
0.5080188995803548
0.5080188995803548
0.5080188995803548
0.5080188995803548
0.5080188995803548
0.5080188995803548
0.5080188995803548
0.5080188995803548
0.5080188995803548
0.5080188995803548
0.5080188995803548
0.5080188995803548
0.5080188995803548
0.5080188995803548
0.5080188995803548
0.5080188995803548
0.5080188995803548
0.5080188995803548
0.5080188995803548
0.5080188995803548
0.5080188995803548
0.5080188995803548
0.5080188995803548
0.5080188995803548
0.5080188995803548
0.5080188995803548
0.5080188995803548
0.5080188995803548
0.5080188995803548
0.5080188995803548
0.5080188995803548
0.5080188995803548
0.5080188995803548
0.5080188995803548
0.5080188995803548
0.5080188995803548
0.5080188995803548
0.5080188995803548
