0.5102919819037444
0.500670171668962
0.500670171668962
0.500670171668962
0.500670171668962
0.500670171668962
0.500670171668962
0.500670171668962
0.500670171668962
0.500670171668962
0.5090618230281476
0.48546743820202054
0.5100777415990988
0.500670171668962
0.500670171668962
0.500670171668962
0.500670171668962
0.500670171668962
0.500670171668962
0.500670171668962
0.500670171668962
0.500670171668962
0.500670171668962
0.500670171668962
0.500670171668962
0.500670171668962
0.500670171668962
0.500670171668962
0.500670171668962
0.500670171668962
0.500670171668962
0.500670171668962
0.500670171668962
0.500670171668962
0.500670171668962
0.500670171668962
0.500670171668962
0.500670171668962
0.500670171668962
0.500670171668962
0.500670171668962
0.500670171668962
0.500670171668962
0.500670171668962
0.500670171668962
0.500670171668962
0.500670171668962
0.500670171668962
0.500670171668962
0.500670171668962
0.500670171668962
0.500670171668962
0.500670171668962
0.500670171668962
0.500670171668962
0.500670171668962
0.500670171668962
0.500670171668962
0.500670171668962
0.500670171668962
0.500670171668962
0.500670171668962
0.500670171668962
0.500670171668962
0.500670171668962
0.500670171668962
0.500670171668962
0.500670171668962
0.500670171668962
0.500670171668962
0.500670171668962
0.500670171668962
0.500670171668962
0.500670171668962
0.500670171668962
0.500670171668962
0.500670171668962
0.500670171668962
0.500670171668962
0.500670171668962
0.500670171668962
