0.5093934725007352
0.508299280995866
0.508299280995866
0.508299280995866
0.508299280995866
0.508299280995866
0.508299280995866
0.508299280995866
0.49791389913892353
0.49946280503318896
0.508299280995866
0.5132763769615465
0.508299280995866
0.508299280995866
0.5026494980542886
0.508299280995866
0.508299280995866
0.508299280995866
0.508299280995866
0.508299280995866
0.508299280995866
0.508299280995866
0.508299280995866
0.508299280995866
0.508299280995866
0.507218795564203
0.4982091510976394
0.508299280995866
0.508299280995866
0.508299280995866
0.508299280995866
0.508299280995866
0.508299280995866
0.508299280995866
0.508299280995866
0.508299280995866
0.508299280995866
0.508299280995866
0.508299280995866
0.508299280995866
0.508299280995866
0.508299280995866
0.508299280995866
0.508299280995866
0.508299280995866
0.508299280995866
0.508299280995866
0.508299280995866
0.508299280995866
0.508299280995866
0.508299280995866
0.508299280995866
0.508299280995866
0.508299280995866
0.508299280995866
0.508299280995866
0.508299280995866
0.508299280995866
0.508299280995866
0.508299280995866
0.508299280995866
0.508299280995866
0.508299280995866
0.508299280995866
0.508299280995866
0.508299280995866
0.508299280995866
0.508299280995866
0.508299280995866
0.508299280995866
0.508299280995866
0.508299280995866
0.508299280995866
0.508299280995866
0.508299280995866
0.508299280995866
0.508299280995866
0.508299280995866
0.508299280995866
0.508299280995866
0.508299280995866
