6.704523135946753E-5
6.704523135946753E-5
6.704523135946753E-5
6.704523135946753E-5
6.704523135946753E-5
6.704523135946753E-5
6.704523135946753E-5
6.704523135946753E-5
6.704523135946753E-5
6.704523135946753E-5
6.704523135946753E-5
6.704523135946753E-5
6.704523135946753E-5
6.704523135946753E-5
6.704523135946753E-5
6.704523135946753E-5
6.704523135946753E-5
6.704523135946753E-5
6.704523135946753E-5
6.704523135946753E-5
6.704523135946753E-5
6.704523135946753E-5
6.704523135946753E-5
6.704523135946753E-5
6.704523135946753E-5
6.704523135946753E-5
6.704523135946753E-5
6.704523135946753E-5
6.704523135946753E-5
6.704523135946753E-5
6.704523135946753E-5
6.704523135946753E-5
6.704523135946753E-5
6.704523135946753E-5
6.704523135946753E-5
6.704523135946753E-5
6.704523135946753E-5
6.704523135946753E-5
6.704523135946753E-5
6.704523135946753E-5
6.704523135946753E-5
6.704523135946753E-5
6.704523135946753E-5
6.704523135946753E-5
6.704523135946753E-5
6.704523135946753E-5
6.704523135946753E-5
0.07294871918857097
6.704523135946753E-5
6.704523135946753E-5
6.704523135946753E-5
6.704523135946753E-5
6.704523135946753E-5
6.704523135946753E-5
6.704523135946753E-5
6.704523135946753E-5
6.704523135946753E-5
6.704523135946753E-5
6.704523135946753E-5
6.704523135946753E-5
6.704523135946753E-5
6.704523135946753E-5
6.704523135946753E-5
6.704523135946753E-5
6.704523135946753E-5
6.704523135946753E-5
6.704523135946753E-5
6.704523135946753E-5
6.704523135946753E-5
6.704523135946753E-5
6.704523135946753E-5
6.704523135946753E-5
6.704523135946753E-5
6.704523135946753E-5
6.704523135946753E-5
6.704523135946753E-5
6.704523135946753E-5
6.704523135946753E-5
6.704523135946753E-5
6.704523135946753E-5
6.704523135946753E-5
6.704523135946753E-5
6.704523135946753E-5
6.704523135946753E-5
6.704523135946753E-5
6.704523135946753E-5
6.704523135946753E-5
6.704523135946753E-5
6.704523135946753E-5
6.704523135946753E-5
6.704523135946753E-5
6.704523135946753E-5
6.704523135946753E-5
6.704523135946753E-5
6.704523135946753E-5
6.704523135946753E-5
6.704523135946753E-5
6.704523135946753E-5
6.704523135946753E-5
6.704523135946753E-5
6.704523135946753E-5
6.704523135946753E-5
6.704523135946753E-5
6.704523135946753E-5
6.704523135946753E-5
6.704523135946753E-5
6.704523135946753E-5
6.704523135946753E-5
6.704523135946753E-5
6.704523135946753E-5
6.704523135946753E-5
6.704523135946753E-5
6.704523135946753E-5
6.704523135946753E-5
