0.013560618242869775
0.007436101095906148
4.811938347605368E-4
7.99152439867612E-5
5.158269583868483E-4
2.394084275389711E-4
7.99152439867612E-5
2.1564357448369264E-4
7.99152439867612E-5
5.158269583868483E-4
7.99152439867612E-5
2.394084275389711E-4
6.704523135946753E-5
0.005319040264779081
5.158269583868483E-4
2.0935335972656807E-4
1.682010944932699E-4
0.0016800820905094346
6.015634047798812E-4
5.158269583868483E-4
5.158269583868483E-4
6.015634047798812E-4
5.158269583868483E-4
5.158269583868483E-4
5.158269583868483E-4
5.158269583868483E-4
5.158269583868483E-4
5.158269583868483E-4
5.158269583868483E-4
5.158269583868483E-4
5.158269583868483E-4
5.158269583868483E-4
3.509726862830576E-4
3.509726862830576E-4
5.158269583868483E-4
8.690286721199906E-4
6.704523135946753E-5
5.158269583868483E-4
7.99152439867612E-5
5.158269583868483E-4
7.99152439867612E-5
0.0030733953850964704
4.811938347605368E-4
5.158269583868483E-4
5.158269583868483E-4
0.012746934573321293
5.158269583868483E-4
6.015634047798812E-4
0.0016800820905094346
5.158269583868483E-4
0.0016800820905094346
6.015634047798812E-4
5.158269583868483E-4
5.158269583868483E-4
5.158269583868483E-4
5.158269583868483E-4
5.158269583868483E-4
5.158269583868483E-4
5.158269583868483E-4
5.158269583868483E-4
5.158269583868483E-4
5.158269583868483E-4
6.704523135946753E-5
5.158269583868483E-4
5.158269583868483E-4
0.0071324381007192034
0.001336913489891837
5.158269583868483E-4
2.394084275389711E-4
5.158269583868483E-4
2.1564357448369264E-4
0.0014733231160789727
5.158269583868483E-4
5.158269583868483E-4
5.158269583868483E-4
5.158269583868483E-4
5.158269583868483E-4
0.0039595004093522825
5.158269583868483E-4
5.158269583868483E-4
1.466728785696129E-4
5.158269583868483E-4
5.158269583868483E-4
5.158269583868483E-4
5.158269583868483E-4
5.158269583868483E-4
5.158269583868483E-4
5.158269583868483E-4
5.158269583868483E-4
5.158269583868483E-4
5.158269583868483E-4
5.158269583868483E-4
5.158269583868483E-4
5.158269583868483E-4
5.158269583868483E-4
5.158269583868483E-4
5.158269583868483E-4
5.158269583868483E-4
5.158269583868483E-4
5.158269583868483E-4
5.158269583868483E-4
5.158269583868483E-4
5.158269583868483E-4
5.158269583868483E-4
5.158269583868483E-4
5.158269583868483E-4
5.158269583868483E-4
5.158269583868483E-4
5.158269583868483E-4
5.158269583868483E-4
5.158269583868483E-4
5.158269583868483E-4
5.158269583868483E-4
5.158269583868483E-4
