0.4713222867674303
0.48740150900271245
0.4904727671331716
0.4942739656363394
0.5010837516291674
0.49776900716544714
0.49584377741998864
0.49653337005229325
0.49900469246617357
0.500434777227394
0.5026483091314776
0.5019659975925655
0.502396414995649
0.5194999024398161
0.5054430762718344
0.5222647414668445
0.5207420088961933
0.5054919908850928
0.5064208717383181
0.5060758083314114
0.5065653524835315
0.5071442465897682
0.5071442465897682
0.507216649558964
0.5085704292002888
0.5069366721814753
0.5085704292002888
0.5085704292002888
0.4902701071778791
0.4897396433607531
0.48877980098998736
0.4902701071778791
0.49741494867344055
0.5043488558160605
0.4902701071778791
0.5011375257477584
0.5144744082574312
0.4902701071778791
0.5028373864633702
0.5181595232408206
0.4902701071778791
0.5031369811394416
0.505746856300703
0.4902701071778791
0.4902701071778791
0.5227253616954205
0.4902701071778791
0.5085704292002888
0.5232425131690809
0.4902701071778791
0.5080251859307925
0.5069366721814753
0.4902701071778791
0.4902701071778791
0.49065484029409734
0.4902701071778791
0.4942550625633525
0.4902701071778791
0.4902701071778791
0.49781928272407044
0.4902701071778791
0.4902701071778791
0.5009783879731009
0.4902701071778791
0.4902701071778791
0.5035378315290124
0.4902701071778791
0.4902701071778791
0.5063968980420149
0.4902701071778791
0.4902701071778791
0.5045987106895486
0.4902701071778791
0.4902701071778791
0.5080494540684484
0.4902701071778791
0.4902701071778791
0.5085704292002888
0.4902701071778791
0.4902701071778791
0.49065484029409734
0.4902701071778791
0.4902701071778791
0.4902701071778791
0.4902701071778791
0.4902701071778791
0.4902701071778791
0.4902701071778791
0.4902701071778791
0.4902701071778791
0.4902701071778791
0.4902701071778791
0.4902701071778791
0.4902701071778791
0.4902701071778791
0.4902701071778791
0.4902701071778791
0.4902701071778791
0.4902701071778791
0.4902701071778791
0.4902701071778791
0.4902701071778791
0.4902701071778791
0.4902701071778791
0.4902701071778791
0.4902701071778791
0.4902701071778791
0.4902701071778791
0.4902701071778791
0.4902701071778791
0.4902701071778791
0.4902701071778791
0.4902701071778791
0.4902701071778791
0.4902701071778791
0.4902701071778791
0.4902701071778791
0.4902701071778791
0.4902701071778791
0.4902701071778791
0.4902701071778791
0.4902701071778791
0.4902701071778791
0.4902701071778791
0.4902701071778791
0.4902701071778791
0.4902701071778791
0.4902701071778791
0.4902701071778791
0.4902701071778791
0.4902701071778791
0.4902701071778791
0.4902701071778791
0.4902701071778791
0.4902701071778791
0.4902701071778791
0.4902701071778791
0.4902701071778791
0.4902701071778791
0.4902701071778791
0.4902701071778791
0.4902701071778791
0.4902701071778791
0.4902701071778791
0.4902701071778791
0.4902701071778791
0.4902701071778791
0.4902701071778791
0.4902701071778791
0.4902701071778791
0.4902701071778791
0.4902701071778791
0.4902701071778791
0.4902701071778791
0.4902701071778791
0.4902701071778791
0.4902701071778791
0.4902701071778791
0.4902701071778791
0.4902701071778791
0.4902701071778791
0.4902701071778791
0.4902701071778791
0.4902701071778791
0.4902701071778791
0.4902701071778791
0.4902701071778791
0.4902701071778791
0.4902701071778791
0.4902701071778791
0.4902701071778791
0.4902701071778791
0.4902701071778791
0.4902701071778791
0.4902701071778791
0.4902701071778791
0.4902701071778791
0.4902701071778791
0.4902701071778791
0.4902701071778791
0.4902701071778791
0.4902701071778791
0.4902701071778791
0.4902701071778791
0.4902701071778791
0.4902701071778791
0.4902701071778791
0.4902701071778791
0.4902701071778791
0.4902701071778791
0.4902701071778791
0.4902701071778791
0.4902701071778791
0.4902701071778791
0.4902701071778791
0.4902701071778791
0.4902701071778791
0.4902701071778791
0.4902701071778791
0.4902701071778791
0.4902701071778791
0.4902701071778791
0.4902701071778791
0.4902701071778791
0.4902701071778791
0.4902701071778791
0.4902701071778791
0.4902701071778791
0.4902701071778791
0.4902701071778791
0.4902701071778791
0.4902701071778791
0.4902701071778791
0.4902701071778791
0.4902701071778791
0.4902701071778791
0.4902701071778791
0.4902701071778791
0.4902701071778791
0.4902701071778791
0.4902701071778791
0.4902701071778791
0.4902701071778791
0.4902701071778791
