0.4713222867674303
0.48740150900271245
0.4904727671331716
0.4942739656363394
0.5010837516291674
0.4976797549266501
0.49484666849858017
0.49495437125106245
0.49837526012353506
0.498728188723679
0.5012885013014012
0.5010042321213456
0.5009783879731009
0.5179112128067872
0.5046225423185078
0.5200964138191992
0.5197928283496719
0.5050278947622404
0.5060758083314114
0.5060758083314114
0.5059996901013942
0.5071442465897682
0.5071442465897682
0.507216649558964
0.5085704292002888
0.5069366721814753
0.5085704292002888
0.5085704292002888
0.4902701071778791
0.4897396433607531
0.48877980098998736
0.4902701071778791
0.49741494867344055
0.5024352606870565
0.4902701071778791
0.5008464169248162
0.5128221066342152
0.4902701071778791
0.501366350762232
0.5160889697412733
0.4902701071778791
0.5025215861287059
0.504565193240909
0.4902701071778791
0.5065653524835315
0.5218442954901931
0.4902701071778791
0.5075810540726267
0.5232425131690809
0.4902701071778791
0.5080251859307925
0.5069366721814753
0.4902701071778791
0.4902701071778791
0.49065484029409734
0.4902701071778791
0.4942550625633525
0.4902701071778791
0.4902701071778791
0.49781928272407044
0.4902701071778791
0.4902701071778791
0.5004177269407498
0.4902701071778791
0.4902701071778791
0.5037834402048061
0.4902701071778791
0.4902701071778791
0.5054430762718344
0.4902701071778791
0.4902701071778791
0.5045987106895486
0.4902701071778791
0.4902701071778791
0.5075810540726267
0.4902701071778791
0.4902701071778791
0.5085704292002888
0.4902701071778791
0.4902701071778791
0.49065484029409734
0.4902701071778791
0.4902701071778791
0.4902701071778791
0.4902701071778791
0.4902701071778791
0.4902701071778791
0.4902701071778791
0.4902701071778791
0.4902701071778791
0.4902701071778791
0.4902701071778791
0.4902701071778791
0.4902701071778791
0.4902701071778791
0.4902701071778791
0.4902701071778791
0.4902701071778791
0.4902701071778791
0.4902701071778791
0.4902701071778791
0.4902701071778791
0.4902701071778791
0.4902701071778791
0.4902701071778791
0.4902701071778791
0.4902701071778791
0.4902701071778791
0.4902701071778791
0.4902701071778791
0.4902701071778791
0.4902701071778791
0.4902701071778791
0.4902701071778791
0.4902701071778791
0.4902701071778791
0.4902701071778791
0.4902701071778791
0.4902701071778791
0.4902701071778791
0.4902701071778791
0.4902701071778791
0.4902701071778791
0.4902701071778791
0.4902701071778791
0.4902701071778791
0.4902701071778791
0.4902701071778791
0.4902701071778791
0.4902701071778791
0.4902701071778791
0.4902701071778791
0.4902701071778791
0.4902701071778791
0.4902701071778791
0.4902701071778791
0.4902701071778791
0.4902701071778791
0.4902701071778791
0.4902701071778791
0.4902701071778791
0.4902701071778791
0.4902701071778791
0.4902701071778791
0.4902701071778791
0.4902701071778791
0.4902701071778791
0.4902701071778791
0.4902701071778791
0.4902701071778791
0.4902701071778791
0.4902701071778791
0.4902701071778791
0.4902701071778791
0.4902701071778791
0.4902701071778791
0.4902701071778791
0.4902701071778791
0.4902701071778791
0.4902701071778791
0.4902701071778791
0.4902701071778791
0.4902701071778791
0.4902701071778791
0.4902701071778791
0.4902701071778791
0.4902701071778791
0.4902701071778791
0.4902701071778791
0.4902701071778791
0.4902701071778791
0.4902701071778791
0.4902701071778791
0.4902701071778791
0.4902701071778791
0.4902701071778791
0.4902701071778791
0.4902701071778791
0.4902701071778791
0.4902701071778791
0.4902701071778791
0.4902701071778791
0.4902701071778791
0.4902701071778791
0.4902701071778791
0.4902701071778791
0.4902701071778791
0.4902701071778791
0.4902701071778791
0.4902701071778791
0.4902701071778791
0.4902701071778791
0.4902701071778791
0.4902701071778791
0.4902701071778791
0.4902701071778791
0.4902701071778791
0.4902701071778791
0.4902701071778791
0.4902701071778791
0.4902701071778791
0.4902701071778791
0.4902701071778791
0.4902701071778791
0.4902701071778791
0.4902701071778791
0.4902701071778791
0.4902701071778791
0.4902701071778791
0.4902701071778791
0.4902701071778791
0.4902701071778791
0.4902701071778791
0.4902701071778791
0.4902701071778791
0.4902701071778791
0.4902701071778791
0.4902701071778791
0.4902701071778791
0.4902701071778791
0.4902701071778791
0.4902701071778791
0.4902701071778791
0.4902701071778791
