0.4713222867674303
0.48740150900271245
0.4904727671331716
0.4942739656363394
0.5010837516291674
0.49776900716544714
0.49584377741998864
0.49668094927680256
0.4988852449206447
0.4999274023991501
0.5021037345813656
0.5017080534134873
0.5017672404076553
0.51867407035139
0.5054430762718344
0.5214542535608675
0.5207420088961933
0.5050278947622404
0.5064208717383181
0.5060758083314114
0.5065653524835315
0.5071442465897682
0.5071442465897682
0.507216649558964
0.5085704292002888
0.5069366721814753
0.5085704292002888
0.4902701071778791
0.4902701071778791
0.4897396433607531
0.48877980098998736
0.4902701071778791
0.49741494867344055
0.5043488558160605
0.4902701071778791
0.5009902183733945
0.514283315824082
0.4902701071778791
0.502396414995649
0.5171968074222069
0.4902701071778791
0.5028211747488024
0.504565193240909
0.4902701071778791
0.507216649558964
0.5227253616954205
0.4902701071778791
0.5085704292002888
0.5232425131690809
0.4902701071778791
0.5080251859307925
0.5069366721814753
0.4902701071778791
0.4902701071778791
0.49065484029409734
0.5085704292002888
0.4942550625633525
0.4902701071778791
0.4902701071778791
0.49781928272407044
0.4902701071778791
0.4902701071778791
0.5009783879731009
0.4902701071778791
0.4902701071778791
0.5035378315290124
0.4902701071778791
0.4902701071778791
0.5057433624032589
0.4902701071778791
0.4902701071778791
0.5038235655360158
0.4902701071778791
0.4902701071778791
0.5080494540684484
0.4902701071778791
0.4902701071778791
0.5085704292002888
0.4902701071778791
0.4902701071778791
0.49065484029409734
0.4902701071778791
0.4902701071778791
0.4902701071778791
0.4902701071778791
0.4902701071778791
0.4902701071778791
0.4902701071778791
0.4902701071778791
0.4902701071778791
0.4902701071778791
0.4902701071778791
0.4902701071778791
0.4902701071778791
0.4902701071778791
0.4902701071778791
0.4902701071778791
0.4902701071778791
0.4902701071778791
0.4902701071778791
0.4902701071778791
0.4902701071778791
0.4902701071778791
0.4902701071778791
0.4902701071778791
0.4902701071778791
0.4902701071778791
0.4902701071778791
0.4902701071778791
0.4902701071778791
0.4902701071778791
0.4902701071778791
0.4902701071778791
0.4902701071778791
0.4902701071778791
0.4902701071778791
0.4902701071778791
0.4902701071778791
0.4902701071778791
0.4902701071778791
0.4902701071778791
0.4902701071778791
0.4902701071778791
0.4902701071778791
0.4902701071778791
0.4902701071778791
0.4902701071778791
0.4902701071778791
0.4902701071778791
0.4902701071778791
0.4902701071778791
0.4902701071778791
0.4902701071778791
0.4902701071778791
0.4902701071778791
0.4902701071778791
0.4902701071778791
0.4902701071778791
0.4902701071778791
0.4902701071778791
0.4902701071778791
0.4902701071778791
0.4902701071778791
0.4902701071778791
0.4902701071778791
0.4902701071778791
0.4902701071778791
0.4902701071778791
0.4902701071778791
0.4902701071778791
0.4902701071778791
0.4902701071778791
0.4902701071778791
0.4902701071778791
0.4902701071778791
0.4902701071778791
0.4902701071778791
0.4902701071778791
0.4902701071778791
0.4902701071778791
0.4902701071778791
0.4902701071778791
0.4902701071778791
0.4902701071778791
0.4902701071778791
0.4902701071778791
0.4902701071778791
0.4902701071778791
0.4902701071778791
0.4902701071778791
0.4902701071778791
0.4902701071778791
0.4902701071778791
0.4902701071778791
0.4902701071778791
0.4902701071778791
0.4902701071778791
0.4902701071778791
0.4902701071778791
0.4902701071778791
0.4902701071778791
0.4902701071778791
0.4902701071778791
0.4902701071778791
0.4902701071778791
0.4902701071778791
0.4902701071778791
0.4902701071778791
0.4902701071778791
0.4902701071778791
0.4902701071778791
0.4902701071778791
0.4902701071778791
0.4902701071778791
0.4902701071778791
0.4902701071778791
0.4902701071778791
0.4902701071778791
0.4902701071778791
0.4902701071778791
0.4902701071778791
0.4902701071778791
0.4902701071778791
0.4902701071778791
0.4902701071778791
0.4902701071778791
0.4902701071778791
0.4902701071778791
0.4902701071778791
0.4902701071778791
0.4902701071778791
0.4902701071778791
0.4902701071778791
0.4902701071778791
0.4902701071778791
0.4902701071778791
0.4902701071778791
0.4902701071778791
0.4902701071778791
0.4902701071778791
0.4902701071778791
0.4902701071778791
0.4902701071778791
0.4902701071778791
