0.4769561913393632
0.48363356714328803
0.4945699737954148
0.49426007136628086
0.5010132333006097
0.4970465235361065
0.49296639773685963
0.49984127619147467
0.499088748542521
0.5016300113615857
0.5003712768344525
0.5024168186792741
0.503989482093178
0.5183706214650046
0.5066796200441076
0.5210339559417146
0.5203606010214036
0.5056389502193052
0.5226646089743182
0.5083384858590149
0.5070589884108142
0.5245573277703409
0.5090886203912355
0.4904874733571445
0.5083951437263754
0.5090886203912355
0.5090886203912355
0.5083951437263754
0.4904874733571445
0.5043790585700031
0.48767502115350697
0.4904874733571445
0.49455624015936434
0.5042494006146497
0.4904874733571445
0.5027514578814146
0.5140715343965755
0.4904874733571445
0.5178704270527381
0.5169312228123697
0.4904874733571445
0.5035365872272128
0.5062287786524408
0.4904874733571445
0.5076560663161209
0.5222057615313915
0.4904874733571445
0.5090886203912355
0.5245573277703409
0.4904874733571445
0.4904874733571445
0.5090886203912355
0.4904874733571445
0.4904874733571445
0.4904874733571445
0.4904874733571445
0.497817375412034
0.4904874733571445
0.4904874733571445
0.4971746996110881
0.4904874733571445
0.4904874733571445
0.5162700369902625
0.4904874733571445
0.4904874733571445
0.5054098938053428
0.4904874733571445
0.4904874733571445
0.5069186864825098
0.4904874733571445
0.4904874733571445
0.5045055654876032
0.4904874733571445
0.4904874733571445
0.5070589884108142
0.4904874733571445
0.4904874733571445
0.4904874733571445
0.4904874733571445
0.4904874733571445
0.4901808720860291
0.4904874733571445
0.4904874733571445
0.4904874733571445
0.4904874733571445
0.4904874733571445
0.4904874733571445
0.4904874733571445
0.4904874733571445
0.4904874733571445
0.4904874733571445
0.4904874733571445
0.4904874733571445
0.4904874733571445
0.4904874733571445
0.4904874733571445
0.4904874733571445
0.4904874733571445
0.4904874733571445
0.4904874733571445
0.4904874733571445
0.4904874733571445
0.4904874733571445
0.4904874733571445
0.4904874733571445
0.4904874733571445
0.4904874733571445
0.4904874733571445
0.4904874733571445
0.4904874733571445
0.4904874733571445
0.4904874733571445
0.4904874733571445
0.4904874733571445
0.4904874733571445
0.4904874733571445
0.4904874733571445
0.4904874733571445
0.4904874733571445
0.4904874733571445
0.4904874733571445
0.4904874733571445
0.4904874733571445
0.4904874733571445
0.4904874733571445
0.4904874733571445
0.4904874733571445
0.4904874733571445
0.4904874733571445
0.4904874733571445
0.4904874733571445
0.4904874733571445
0.4904874733571445
0.4904874733571445
0.4904874733571445
0.4904874733571445
0.4904874733571445
0.4904874733571445
0.4904874733571445
0.4904874733571445
0.4904874733571445
0.4904874733571445
0.4904874733571445
0.4904874733571445
0.4904874733571445
0.4904874733571445
0.4904874733571445
0.4904874733571445
0.4904874733571445
0.4904874733571445
0.4904874733571445
0.4904874733571445
0.4904874733571445
0.4904874733571445
0.4904874733571445
0.4904874733571445
0.4904874733571445
0.4904874733571445
0.4904874733571445
0.4904874733571445
0.4904874733571445
0.4904874733571445
0.4904874733571445
0.4904874733571445
0.4904874733571445
0.4904874733571445
0.4904874733571445
0.4904874733571445
0.4904874733571445
0.4904874733571445
0.4904874733571445
0.4904874733571445
0.4904874733571445
0.4904874733571445
0.4904874733571445
0.4904874733571445
0.4904874733571445
0.4904874733571445
0.4904874733571445
0.4904874733571445
0.4904874733571445
0.4904874733571445
0.4904874733571445
0.4904874733571445
0.4904874733571445
0.4904874733571445
0.4904874733571445
0.4904874733571445
0.4904874733571445
0.4904874733571445
0.4904874733571445
0.4904874733571445
0.4904874733571445
0.4904874733571445
0.4904874733571445
0.4904874733571445
0.4904874733571445
0.4904874733571445
0.4904874733571445
0.4904874733571445
0.4904874733571445
0.4904874733571445
0.4904874733571445
0.4904874733571445
0.4904874733571445
0.4904874733571445
0.4904874733571445
0.4904874733571445
0.4904874733571445
0.4904874733571445
0.4904874733571445
0.4904874733571445
0.4904874733571445
0.4904874733571445
0.4904874733571445
0.4904874733571445
0.4904874733571445
0.4904874733571445
0.4904874733571445
0.4904874733571445
0.4904874733571445
0.4904874733571445
0.4904874733571445
0.4904874733571445
