0.4713403846905054
0.48741701561583334
0.4904917813642555
0.49430505929591956
0.5011254129912178
0.49777091040518107
0.49586071573342877
0.4967005995503757
0.49888872754951047
0.49994581115420034
0.5021228192396593
0.5017142388619277
0.5017875168655486
0.5187353032027133
0.505463158952903
0.5215170897546266
0.5208044935438252
0.5050372640691759
0.5060967229614564
0.5057677095882891
0.5065765644718596
0.5068016717383622
0.5068016717383622
0.5065765644718596
0.5085911756094474
0.5069577598605624
0.5085911756094474
0.5085911756094474
0.4902901340209712
0.48975859483838846
0.488795432930694
0.4902901340209712
0.49741494867344055
0.5043950984390956
0.4902901340209712
0.5010089640761471
0.5143410117093524
0.4902901340209712
0.5024167749479591
0.5172569765735286
0.4902901340209712
0.5028283665609734
0.5045858559192175
0.4902901340209712
0.5072288058895068
0.5227887509459977
0.4902901340209712
0.5085911756094474
0.5227887509459977
0.4902901340209712
0.50803874059339
0.5069577598605624
0.4902901340209712
0.4902901340209712
0.4906754446552028
0.4902901340209712
0.4942744423995158
0.4902901340209712
0.4902901340209712
0.4978212849613571
0.4902901340209712
0.4902901340209712
0.5009985610808911
0.4902901340209712
0.4902901340209712
0.5035583451156961
0.4902901340209712
0.4902901340209712
0.505763539523778
0.4902901340209712
0.4902901340209712
0.50383169771101
0.4902901340209712
0.4902901340209712
0.5080704566536336
0.4902901340209712
0.4902901340209712
0.5085911756094474
0.4902901340209712
0.4902901340209712
0.4906754446552028
0.4902901340209712
0.4902901340209712
0.4902901340209712
0.4902901340209712
0.4902901340209712
0.4902901340209712
0.4902901340209712
0.4902901340209712
0.4902901340209712
0.4902901340209712
0.4902901340209712
0.4902901340209712
0.4902901340209712
0.4902901340209712
0.4902901340209712
0.4902901340209712
0.4902901340209712
0.4902901340209712
0.4902901340209712
0.4902901340209712
0.4902901340209712
0.4902901340209712
0.4902901340209712
0.4902901340209712
0.4902901340209712
0.4902901340209712
0.4902901340209712
0.4902901340209712
0.4902901340209712
0.4902901340209712
0.4902901340209712
0.4902901340209712
0.4902901340209712
0.4902901340209712
0.4902901340209712
0.4902901340209712
0.4902901340209712
0.4902901340209712
0.4902901340209712
0.4902901340209712
0.4902901340209712
0.4902901340209712
0.4902901340209712
0.4902901340209712
0.4902901340209712
0.4902901340209712
0.4902901340209712
0.4902901340209712
0.4902901340209712
0.4902901340209712
0.4902901340209712
0.4902901340209712
0.4902901340209712
0.4902901340209712
0.4902901340209712
0.4902901340209712
0.4902901340209712
0.4902901340209712
0.4902901340209712
0.4902901340209712
0.4902901340209712
0.4902901340209712
0.4902901340209712
0.4902901340209712
0.4902901340209712
0.4902901340209712
0.4902901340209712
0.4902901340209712
0.4902901340209712
0.4902901340209712
0.4902901340209712
0.4902901340209712
0.4902901340209712
0.4902901340209712
0.4902901340209712
0.4902901340209712
0.4902901340209712
0.4902901340209712
0.4902901340209712
0.4902901340209712
0.4902901340209712
0.4902901340209712
0.4902901340209712
0.4902901340209712
0.4902901340209712
0.4902901340209712
0.4902901340209712
0.4902901340209712
0.4902901340209712
0.4902901340209712
0.4902901340209712
0.4902901340209712
0.4902901340209712
0.4902901340209712
0.4902901340209712
0.4902901340209712
0.4902901340209712
0.4902901340209712
0.4902901340209712
0.4902901340209712
0.4902901340209712
0.4902901340209712
0.4902901340209712
0.4902901340209712
0.4902901340209712
0.4902901340209712
0.4902901340209712
0.4902901340209712
0.4902901340209712
0.4902901340209712
0.4902901340209712
0.4902901340209712
0.4902901340209712
0.4902901340209712
0.4902901340209712
0.4902901340209712
0.4902901340209712
0.4902901340209712
0.4902901340209712
0.4902901340209712
0.4902901340209712
0.4902901340209712
0.4902901340209712
0.4902901340209712
0.4902901340209712
0.4902901340209712
0.4902901340209712
0.4902901340209712
0.4902901340209712
0.4902901340209712
0.4902901340209712
0.4902901340209712
0.4902901340209712
0.4902901340209712
0.4902901340209712
0.4902901340209712
0.4902901340209712
0.4902901340209712
0.4902901340209712
0.4902901340209712
0.4902901340209712
0.4902901340209712
0.4902901340209712
