0.4688248946590901
0.48736496393869433
0.4952766753393413
0.4942961668940631
0.5011301027092325
0.49736994437161935
0.4956635550606485
0.4994842979891518
0.498328758920909
0.5009960229774646
0.5030058661545553
0.5029081820225966
0.5031617949334705
0.518897564612179
0.505860858608725
0.5218063313476592
0.5210487775207208
0.5043694957297481
0.5069627885637905
0.5047297840905557
0.5059259952742897
0.5076564776986795
0.5076564776986795
0.4897267914865552
0.5080164427687515
0.508649606916706
0.5080164427687515
0.5079869701099242
0.4897267914865552
0.4947341819475958
0.4887356511459285
0.4897267914865552
0.49735048858079967
0.5044099877734474
0.4897267914865552
0.5020003282179931
0.5144219355782469
0.4897267914865552
0.503651923379783
0.5006541818954235
0.4897267914865552
0.5021559800778881
0.5053925775187266
0.4897267914865552
0.5065904472502685
0.5232075088751212
0.4897267914865552
0.5079869701099242
0.5238144860253884
0.4897267914865552
0.49970595459212686
0.5080164427687515
0.4897267914865552
0.4897267914865552
0.49970595459212686
0.4897267914865552
0.49787029406486166
0.4897267914865552
0.4897267914865552
0.49740738230945875
0.4897267914865552
0.4897267914865552
0.5000288064547556
0.4897267914865552
0.4897267914865552
0.5045584809421071
0.4897267914865552
0.4897267914865552
0.5061119706006579
0.4897267914865552
0.4897267914865552
0.5031584637479081
0.4897267914865552
0.4897267914865552
0.5080164427687515
0.4897267914865552
0.4897267914865552
0.4889770167280129
0.4897267914865552
0.4897267914865552
0.49970595459212686
0.4897267914865552
0.4897267914865552
0.49970595459212686
0.4897267914865552
0.4897267914865552
0.4897267914865552
0.4897267914865552
0.4897267914865552
0.4897267914865552
0.4897267914865552
0.4897267914865552
0.4897267914865552
0.4897267914865552
0.4897267914865552
0.4897267914865552
0.4897267914865552
0.4897267914865552
0.4897267914865552
0.4897267914865552
0.4897267914865552
0.4897267914865552
0.4897267914865552
0.4897267914865552
0.4897267914865552
0.4897267914865552
0.4897267914865552
0.5079869701099242
0.4897267914865552
0.4897267914865552
0.4897267914865552
0.4897267914865552
0.4897267914865552
0.4897267914865552
0.4897267914865552
0.4897267914865552
0.4897267914865552
0.4897267914865552
0.4897267914865552
0.4897267914865552
0.4897267914865552
0.4897267914865552
0.4897267914865552
0.4897267914865552
0.4897267914865552
0.4897267914865552
0.4897267914865552
0.4897267914865552
0.4897267914865552
0.4897267914865552
0.4897267914865552
0.4897267914865552
0.4897267914865552
0.4897267914865552
0.4897267914865552
0.4897267914865552
0.4897267914865552
0.4897267914865552
0.4897267914865552
0.4897267914865552
0.4897267914865552
0.4897267914865552
0.4897267914865552
0.4897267914865552
0.4897267914865552
0.4897267914865552
0.4897267914865552
0.4897267914865552
0.4897267914865552
0.4897267914865552
0.4897267914865552
0.4897267914865552
0.4897267914865552
0.4897267914865552
0.4897267914865552
0.4897267914865552
0.4897267914865552
0.4897267914865552
0.4897267914865552
0.4897267914865552
0.4897267914865552
0.4897267914865552
0.4897267914865552
0.4897267914865552
0.4897267914865552
0.4897267914865552
0.4897267914865552
0.4897267914865552
0.4897267914865552
0.4897267914865552
0.4897267914865552
0.4897267914865552
0.4897267914865552
0.4897267914865552
0.4897267914865552
0.4897267914865552
0.4897267914865552
0.4897267914865552
0.4897267914865552
0.4897267914865552
0.4897267914865552
0.4897267914865552
0.4897267914865552
0.4897267914865552
0.4897267914865552
0.4897267914865552
0.4897267914865552
0.4897267914865552
0.4897267914865552
0.4897267914865552
0.4897267914865552
0.4897267914865552
0.4897267914865552
0.4897267914865552
0.4897267914865552
0.4897267914865552
0.4897267914865552
0.4897267914865552
0.4897267914865552
0.4897267914865552
0.4897267914865552
0.4897267914865552
0.4897267914865552
0.4897267914865552
0.4897267914865552
0.4897267914865552
0.4897267914865552
0.4897267914865552
0.4897267914865552
0.4897267914865552
0.4897267914865552
0.4897267914865552
0.4897267914865552
0.4897267914865552
0.4897267914865552
0.4897267914865552
0.4897267914865552
0.4897267914865552
0.4897267914865552
0.4897267914865552
0.4897267914865552
0.4897267914865552
0.4897267914865552
0.4897267914865552
