0.024545454730590183
9.256198264968892E-4
9.256198264968892E-4
9.256198264968892E-4
9.256198264968892E-4
9.256198264968892E-4
9.256198264968892E-4
9.256198264968892E-4
9.256198264968892E-4
9.256198264968892E-4
9.256198264968892E-4
9.256198264968892E-4
9.256198264968892E-4
9.256198264968892E-4
9.256198264968892E-4
9.256198264968892E-4
9.256198264968892E-4
9.256198264968892E-4
9.256198264968892E-4
9.256198264968892E-4
9.256198264968892E-4
9.256198264968892E-4
9.256198264968892E-4
9.256198264968892E-4
9.256198264968892E-4
0.024545454730590183
9.256198264968892E-4
9.256198264968892E-4
9.256198264968892E-4
9.256198264968892E-4
9.256198264968892E-4
9.256198264968892E-4
9.256198264968892E-4
9.256198264968892E-4
9.256198264968892E-4
9.256198264968892E-4
9.256198264968892E-4
9.256198264968892E-4
9.256198264968892E-4
9.256198264968892E-4
9.256198264968892E-4
9.256198264968892E-4
9.256198264968892E-4
9.256198264968892E-4
9.256198264968892E-4
9.256198264968892E-4
9.256198264968892E-4
9.256198264968892E-4
9.256198264968892E-4
9.256198264968892E-4
9.256198264968892E-4
9.256198264968892E-4
9.256198264968892E-4
9.256198264968892E-4
9.256198264968892E-4
9.256198264968892E-4
9.256198264968892E-4
