0.03991228180627028
0.001055988452086846
0.0032077781933670243
5.682685102025667E-4
3.5087720801432927E-4
0.0032077781933670243
3.5087720801432927E-4
0.0032077781933670243
0.0032077781933670243
0.0032077781933670243
0.0032077781933670243
0.0032077781933670243
0.0032077781933670243
0.0032077781933670243
0.0032077781933670243
0.0032077781933670243
0.0032077781933670243
0.0032077781933670243
0.0032077781933670243
0.0032077781933670243
0.0032077781933670243
0.0032077781933670243
0.0032077781933670243
