0.0022515899579351145
0.006631295196712017
0.0046411270275712015
0.0038721945757667223
0.007694530331840118
0.0046411270275712015
0.002128383183541397
0.0065173408016562465
7.393506433193883E-4
0.0031213678574810427
0.0046411270275712015
0.0046411270275712015
0.0046411270275712015
0.0013085319117332498
0.005189312847020725
0.0046411270275712015
0.0046411270275712015
0.0046411270275712015
0.0046411270275712015
0.0046411270275712015
0.0046411270275712015
0.0046411270275712015
0.0046411270275712015
