0.006923945775876443
0.0042931688716635105
7.891367422416807E-5
5.0020840717479587E-5
5.237429984845221E-4
1.0002084115209678E-4
5.0020840717479587E-5
1.0002084115209678E-4
5.0020840717479587E-5
5.237429984845221E-4
5.0020840717479587E-5
1.0002084115209678E-4
5.0020840717479587E-5
0.003613047794594119
5.237429984845221E-4
1.3970338234988353E-4
2.3632108932361006E-4
0.002877692284528166
6.002511402281622E-4
5.237429984845221E-4
5.237429984845221E-4
6.002511402281622E-4
5.237429984845221E-4
5.237429984845221E-4
5.237429984845221E-4
5.237429984845221E-4
5.237429984845221E-4
5.237429984845221E-4
5.237429984845221E-4
5.237429984845221E-4
5.237429984845221E-4
5.237429984845221E-4
7.891367422416807E-5
7.891367422416807E-5
5.237429984845221E-4
9.212577890139074E-4
5.0020840717479587E-5
5.237429984845221E-4
5.0020840717479587E-5
5.237429984845221E-4
2.8913673789550862E-5
0.004239684343338013
1.0002084115209678E-4
5.237429984845221E-4
5.237429984845221E-4
0.01410873346030712
5.237429984845221E-4
6.002511402281622E-4
0.002877692284528166
5.237429984845221E-4
0.002877692284528166
6.002511402281622E-4
5.237429984845221E-4
5.237429984845221E-4
5.237429984845221E-4
5.237429984845221E-4
5.237429984845221E-4
5.237429984845221E-4
5.237429984845221E-4
5.237429984845221E-4
5.237429984845221E-4
5.237429984845221E-4
0.0
5.237429984845221E-4
5.237429984845221E-4
0.006404404629332324
0.0
5.237429984845221E-4
1.0002084115209678E-4
5.237429984845221E-4
1.0002084115209678E-4
9.352668149707218E-4
5.237429984845221E-4
5.237429984845221E-4
5.237429984845221E-4
5.237429984845221E-4
5.237429984845221E-4
0.0042839898766639335
5.237429984845221E-4
5.237429984845221E-4
5.0020840717479587E-5
5.237429984845221E-4
5.237429984845221E-4
5.237429984845221E-4
5.237429984845221E-4
5.237429984845221E-4
5.237429984845221E-4
5.237429984845221E-4
5.237429984845221E-4
5.237429984845221E-4
5.237429984845221E-4
5.237429984845221E-4
5.237429984845221E-4
5.237429984845221E-4
5.237429984845221E-4
5.237429984845221E-4
5.237429984845221E-4
5.237429984845221E-4
5.237429984845221E-4
5.237429984845221E-4
5.237429984845221E-4
5.237429984845221E-4
5.237429984845221E-4
5.237429984845221E-4
5.237429984845221E-4
5.237429984845221E-4
5.237429984845221E-4
5.237429984845221E-4
5.237429984845221E-4
5.237429984845221E-4
5.237429984845221E-4
5.237429984845221E-4
5.237429984845221E-4
5.237429984845221E-4
