0.0014602772910924007
5.0020840717479587E-5
5.0020840717479587E-5
5.0020840717479587E-5
8.01867553188155E-5
5.0020840717479587E-5
5.0020840717479587E-5
5.0020840717479587E-5
5.0020840717479587E-5
8.01867553188155E-5
5.0020840717479587E-5
5.0020840717479587E-5
5.0020840717479587E-5
5.0020840717479587E-5
8.01867553188155E-5
5.0020840717479587E-5
5.0020840717479587E-5
5.0020840717479587E-5
5.0020840717479587E-5
8.01867553188155E-5
8.01867553188155E-5
5.0020840717479587E-5
8.01867553188155E-5
8.01867553188155E-5
8.01867553188155E-5
8.01867553188155E-5
8.01867553188155E-5
8.01867553188155E-5
8.01867553188155E-5
8.01867553188155E-5
8.01867553188155E-5
8.01867553188155E-5
5.0020840717479587E-5
5.0020840717479587E-5
8.01867553188155E-5
0.10000000149011612
5.0020840717479587E-5
8.01867553188155E-5
5.0020840717479587E-5
8.01867553188155E-5
5.0020840717479587E-5
5.0020840717479587E-5
5.0020840717479587E-5
8.01867553188155E-5
8.01867553188155E-5
5.0020840717479587E-5
8.01867553188155E-5
5.0020840717479587E-5
5.0020840717479587E-5
8.01867553188155E-5
5.0020840717479587E-5
5.0020840717479587E-5
8.01867553188155E-5
8.01867553188155E-5
8.01867553188155E-5
8.01867553188155E-5
8.01867553188155E-5
8.01867553188155E-5
8.01867553188155E-5
8.01867553188155E-5
8.01867553188155E-5
8.01867553188155E-5
5.0020840717479587E-5
8.01867553188155E-5
8.01867553188155E-5
5.0020840717479587E-5
5.0020840717479587E-5
8.01867553188155E-5
5.0020840717479587E-5
8.01867553188155E-5
5.0020840717479587E-5
5.0020840717479587E-5
8.01867553188155E-5
8.01867553188155E-5
8.01867553188155E-5
8.01867553188155E-5
8.01867553188155E-5
5.0020840717479587E-5
8.01867553188155E-5
8.01867553188155E-5
8.01867553188155E-5
8.01867553188155E-5
8.01867553188155E-5
8.01867553188155E-5
8.01867553188155E-5
8.01867553188155E-5
8.01867553188155E-5
8.01867553188155E-5
8.01867553188155E-5
8.01867553188155E-5
8.01867553188155E-5
8.01867553188155E-5
8.01867553188155E-5
8.01867553188155E-5
8.01867553188155E-5
8.01867553188155E-5
8.01867553188155E-5
8.01867553188155E-5
8.01867553188155E-5
8.01867553188155E-5
8.01867553188155E-5
8.01867553188155E-5
8.01867553188155E-5
8.01867553188155E-5
8.01867553188155E-5
8.01867553188155E-5
8.01867553188155E-5
8.01867553188155E-5
8.01867553188155E-5
8.01867553188155E-5
8.01867553188155E-5
8.01867553188155E-5
8.01867553188155E-5
8.01867553188155E-5
