5.0020840717479587E-5
5.0020840717479587E-5
5.0020840717479587E-5
5.0020840717479587E-5
8.01867553188155E-5
5.0020840717479587E-5
5.0020840717479587E-5
5.0020840717479587E-5
5.0020840717479587E-5
8.01867553188155E-5
8.01867553188155E-5
5.0020840717479587E-5
5.0020840717479587E-5
5.0020840717479587E-5
8.01867553188155E-5
5.0020840717479587E-5
5.0020840717479587E-5
5.0020840717479587E-5
5.0020840717479587E-5
8.01867553188155E-5
8.01867553188155E-5
5.0020840717479587E-5
8.01867553188155E-5
8.01867553188155E-5
8.01867553188155E-5
8.01867553188155E-5
8.01867553188155E-5
8.01867553188155E-5
8.01867553188155E-5
8.01867553188155E-5
8.01867553188155E-5
8.01867553188155E-5
5.0020840717479587E-5
5.0020840717479587E-5
8.01867553188155E-5
5.0020840717479587E-5
5.0020840717479587E-5
8.01867553188155E-5
5.0020840717479587E-5
8.01867553188155E-5
5.0020840717479587E-5
5.0020840717479587E-5
5.0020840717479587E-5
8.01867553188155E-5
8.01867553188155E-5
5.0020840717479587E-5
8.01867553188155E-5
5.0020840717479587E-5
5.0020840717479587E-5
8.01867553188155E-5
5.0020840717479587E-5
5.0020840717479587E-5
8.01867553188155E-5
8.01867553188155E-5
8.01867553188155E-5
8.01867553188155E-5
8.01867553188155E-5
8.01867553188155E-5
8.01867553188155E-5
8.01867553188155E-5
8.01867553188155E-5
8.01867553188155E-5
5.0020840717479587E-5
8.01867553188155E-5
8.01867553188155E-5
5.0020840717479587E-5
5.0020840717479587E-5
8.01867553188155E-5
5.0020840717479587E-5
8.01867553188155E-5
5.0020840717479587E-5
0.0947435911744833
8.01867553188155E-5
8.01867553188155E-5
8.01867553188155E-5
8.01867553188155E-5
8.01867553188155E-5
5.0020840717479587E-5
8.01867553188155E-5
8.01867553188155E-5
5.0020840717479587E-5
8.01867553188155E-5
8.01867553188155E-5
8.01867553188155E-5
8.01867553188155E-5
8.01867553188155E-5
8.01867553188155E-5
8.01867553188155E-5
8.01867553188155E-5
8.01867553188155E-5
8.01867553188155E-5
8.01867553188155E-5
8.01867553188155E-5
8.01867553188155E-5
8.01867553188155E-5
8.01867553188155E-5
8.01867553188155E-5
8.01867553188155E-5
8.01867553188155E-5
8.01867553188155E-5
8.01867553188155E-5
8.01867553188155E-5
8.01867553188155E-5
8.01867553188155E-5
8.01867553188155E-5
8.01867553188155E-5
8.01867553188155E-5
8.01867553188155E-5
8.01867553188155E-5
8.01867553188155E-5
8.01867553188155E-5
8.01867553188155E-5
8.01867553188155E-5
8.01867553188155E-5
