5.0020840717479587E-5
5.0020840717479587E-5
5.0020840717479587E-5
5.0020840717479587E-5
1.224219740834087E-4
5.0020840717479587E-5
5.0020840717479587E-5
0.08857692442834378
5.0020840717479587E-5
1.224219740834087E-4
5.0020840717479587E-5
5.0020840717479587E-5
5.0020840717479587E-5
5.0020840717479587E-5
1.224219740834087E-4
5.0020840717479587E-5
5.0020840717479587E-5
5.0020840717479587E-5
5.0020840717479587E-5
1.224219740834087E-4
1.224219740834087E-4
5.0020840717479587E-5
1.224219740834087E-4
1.224219740834087E-4
1.224219740834087E-4
1.224219740834087E-4
1.224219740834087E-4
1.224219740834087E-4
1.224219740834087E-4
1.224219740834087E-4
1.224219740834087E-4
1.224219740834087E-4
5.0020840717479587E-5
5.0020840717479587E-5
1.224219740834087E-4
5.0020840717479587E-5
5.0020840717479587E-5
1.224219740834087E-4
5.0020840717479587E-5
1.224219740834087E-4
5.0020840717479587E-5
5.0020840717479587E-5
5.0020840717479587E-5
1.224219740834087E-4
1.224219740834087E-4
5.0020840717479587E-5
1.224219740834087E-4
5.0020840717479587E-5
5.0020840717479587E-5
1.224219740834087E-4
5.0020840717479587E-5
5.0020840717479587E-5
1.224219740834087E-4
1.224219740834087E-4
1.224219740834087E-4
1.224219740834087E-4
1.224219740834087E-4
1.224219740834087E-4
1.224219740834087E-4
1.224219740834087E-4
1.224219740834087E-4
1.224219740834087E-4
5.0020840717479587E-5
1.224219740834087E-4
1.224219740834087E-4
5.0020840717479587E-5
5.0020840717479587E-5
1.224219740834087E-4
5.0020840717479587E-5
1.224219740834087E-4
5.0020840717479587E-5
5.0020840717479587E-5
1.224219740834087E-4
1.224219740834087E-4
1.224219740834087E-4
1.224219740834087E-4
1.224219740834087E-4
5.0020840717479587E-5
1.224219740834087E-4
1.224219740834087E-4
5.0020840717479587E-5
1.224219740834087E-4
1.224219740834087E-4
1.224219740834087E-4
1.224219740834087E-4
1.224219740834087E-4
1.224219740834087E-4
1.224219740834087E-4
1.224219740834087E-4
1.224219740834087E-4
1.224219740834087E-4
1.224219740834087E-4
1.224219740834087E-4
1.224219740834087E-4
1.224219740834087E-4
1.224219740834087E-4
1.224219740834087E-4
1.224219740834087E-4
1.224219740834087E-4
1.224219740834087E-4
1.224219740834087E-4
1.224219740834087E-4
1.224219740834087E-4
1.224219740834087E-4
1.224219740834087E-4
1.224219740834087E-4
1.224219740834087E-4
1.224219740834087E-4
1.224219740834087E-4
1.224219740834087E-4
1.224219740834087E-4
1.224219740834087E-4
1.224219740834087E-4
1.224219740834087E-4
