0.058101019723108036
4.7756160493008795E-4
4.7756160493008795E-4
4.7756160493008795E-4
4.7756160493008795E-4
4.7756160493008795E-4
4.7756160493008795E-4
4.7756160493008795E-4
4.7756160493008795E-4
4.7756160493008795E-4
4.7756160493008795E-4
4.7756160493008795E-4
4.7756160493008795E-4
4.7756160493008795E-4
4.7756160493008795E-4
4.7756160493008795E-4
4.7756160493008795E-4
4.7756160493008795E-4
4.7756160493008795E-4
4.7756160493008795E-4
4.7756160493008795E-4
4.7756160493008795E-4
4.7756160493008795E-4
4.7756160493008795E-4
4.7756160493008795E-4
4.7756160493008795E-4
4.7756160493008795E-4
4.7756160493008795E-4
4.7756160493008795E-4
4.7756160493008795E-4
