0.006714119575917721
0.0
6.893680644376824E-4
0.006714119575917721
0.0986666684349378
6.893680644376824E-4
6.893680644376824E-4
6.893680644376824E-4
6.893680644376824E-4
6.893680644376824E-4
6.893680644376824E-4
6.893680644376824E-4
6.893680644376824E-4
6.893680644376824E-4
6.893680644376824E-4
6.893680644376824E-4
6.893680644376824E-4
6.893680644376824E-4
6.893680644376824E-4
6.893680644376824E-4
6.893680644376824E-4
6.893680644376824E-4
6.893680644376824E-4
6.893680644376824E-4
6.893680644376824E-4
6.893680644376824E-4
6.893680644376824E-4
6.893680644376824E-4
6.893680644376824E-4
6.893680644376824E-4
