3.315207519528802
3.315207519528802
3.086583559764434
2.4338142448258155
2.4338142448258155
3.0026368318547583
3.0026368318547583
2.506265537557087
3.0026368318547583
3.0026368318547583
2.506265537557087
3.0026368318547583
2.2156866352810933
2.2156866352810933
2.2156866352810933
2.2156866352810933
2.2156866352810933
3.0026368318547583
2.2156866352810933
2.2156866352810933
3.0026368318547583
2.2156866352810933
2.2156866352810933
3.0026368318547583
0.0
0.0
0.0
0.0
2.724393147101811
3.086583559764434
3.315207519528802
2.724393147101811
3.0026368318547583
2.299633363190768
2.724393147101811
3.0026368318547583
2.2156866352810933
2.724393147101811
2.2156866352810933
2.2156866352810933
2.724393147101811
3.0026368318547583
2.2156866352810933
2.724393147101811
2.724393147101811
2.2156866352810933
2.724393147101811
0.0
2.2156866352810933
2.724393147101811
0.7869501965736647
0.0
2.724393147101811
2.724393147101811
0.0
2.724393147101811
2.506265537557087
2.724393147101811
2.724393147101811
3.0026368318547583
2.724393147101811
2.724393147101811
2.2156866352810933
2.724393147101811
2.724393147101811
2.2156866352810933
2.724393147101811
2.724393147101811
2.2156866352810933
2.724393147101811
2.724393147101811
3.0026368318547583
2.724393147101811
2.724393147101811
2.2156866352810933
2.724393147101811
2.724393147101811
0.0
2.724393147101811
2.724393147101811
0.0
2.724393147101811
2.724393147101811
2.724393147101811
2.724393147101811
2.724393147101811
2.724393147101811
2.724393147101811
2.724393147101811
2.724393147101811
2.724393147101811
2.724393147101811
2.724393147101811
2.724393147101811
2.724393147101811
2.724393147101811
2.724393147101811
2.724393147101811
2.724393147101811
2.724393147101811
2.724393147101811
2.724393147101811
2.724393147101811
2.724393147101811
2.724393147101811
2.724393147101811
2.724393147101811
2.724393147101811
2.724393147101811
2.724393147101811
2.724393147101811
2.724393147101811
2.724393147101811
2.724393147101811
2.724393147101811
2.724393147101811
2.724393147101811
2.724393147101811
2.724393147101811
2.724393147101811
2.724393147101811
2.724393147101811
2.724393147101811
2.724393147101811
2.724393147101811
2.724393147101811
2.724393147101811
2.724393147101811
2.724393147101811
2.724393147101811
2.724393147101811
2.724393147101811
2.724393147101811
2.724393147101811
2.724393147101811
2.724393147101811
2.724393147101811
2.724393147101811
2.724393147101811
2.724393147101811
2.724393147101811
2.724393147101811
2.724393147101811
2.724393147101811
2.724393147101811
2.724393147101811
2.724393147101811
2.724393147101811
2.724393147101811
2.724393147101811
2.724393147101811
2.724393147101811
2.724393147101811
2.724393147101811
2.724393147101811
2.724393147101811
2.724393147101811
2.724393147101811
2.724393147101811
2.724393147101811
2.724393147101811
2.724393147101811
2.724393147101811
2.724393147101811
2.724393147101811
2.724393147101811
2.724393147101811
2.724393147101811
2.724393147101811
2.724393147101811
2.724393147101811
2.724393147101811
2.724393147101811
2.724393147101811
2.724393147101811
2.724393147101811
2.724393147101811
2.724393147101811
2.724393147101811
2.724393147101811
2.724393147101811
2.724393147101811
2.724393147101811
2.724393147101811
2.724393147101811
2.724393147101811
2.724393147101811
2.724393147101811
2.724393147101811
2.724393147101811
2.724393147101811
2.724393147101811
2.724393147101811
2.724393147101811
2.724393147101811
2.724393147101811
2.724393147101811
2.724393147101811
2.724393147101811
2.724393147101811
2.724393147101811
2.724393147101811
2.724393147101811
2.724393147101811
2.724393147101811
2.724393147101811
2.724393147101811
2.724393147101811
2.724393147101811
2.724393147101811
2.724393147101811
2.724393147101811
2.724393147101811
2.724393147101811
2.724393147101811
2.724393147101811
2.724393147101811
2.724393147101811
2.724393147101811
2.724393147101811
2.724393147101811
2.724393147101811
2.724393147101811
2.724393147101811
