3.315207519528802
3.024628617252808
2.7960046574884396
2.4338142448258155
2.4338142448258155
3.0026368318547583
3.0026368318547583
2.712057929578764
3.0026368318547583
2.712057929578764
2.2156866352810933
3.0026368318547583
2.2156866352810933
2.2156866352810933
2.2156866352810933
2.2156866352810933
2.2156866352810933
3.0026368318547583
2.2156866352810933
2.2156866352810933
3.0026368318547583
2.2156866352810933
2.2156866352810933
2.724393147101811
0.0
0.0
0.0
0.0
2.724393147101811
2.7960046574884396
3.024628617252808
2.724393147101811
3.0026368318547583
2.299633363190768
2.724393147101811
2.712057929578764
2.2156866352810933
2.724393147101811
2.2156866352810933
2.2156866352810933
2.724393147101811
3.0026368318547583
2.2156866352810933
2.724393147101811
3.0026368318547583
2.2156866352810933
2.724393147101811
0.0
2.2156866352810933
2.724393147101811
0.0
0.0
2.724393147101811
2.724393147101811
0.0
2.724393147101811
2.712057929578764
2.724393147101811
2.724393147101811
3.0026368318547583
2.724393147101811
2.724393147101811
2.2156866352810933
2.724393147101811
2.724393147101811
2.2156866352810933
2.724393147101811
2.724393147101811
2.2156866352810933
2.724393147101811
2.724393147101811
3.0026368318547583
2.724393147101811
2.724393147101811
0.0
2.724393147101811
2.724393147101811
0.0
2.724393147101811
2.724393147101811
0.0
2.724393147101811
2.724393147101811
0.0
2.724393147101811
2.724393147101811
2.724393147101811
2.724393147101811
2.724393147101811
2.724393147101811
2.724393147101811
2.724393147101811
2.724393147101811
2.724393147101811
2.724393147101811
2.724393147101811
2.724393147101811
2.724393147101811
2.724393147101811
2.724393147101811
2.724393147101811
2.724393147101811
2.724393147101811
2.724393147101811
2.724393147101811
2.724393147101811
2.724393147101811
0.0
2.724393147101811
2.724393147101811
2.724393147101811
2.724393147101811
2.724393147101811
2.724393147101811
2.724393147101811
2.724393147101811
2.724393147101811
2.724393147101811
2.724393147101811
2.724393147101811
2.724393147101811
2.724393147101811
2.724393147101811
2.724393147101811
2.724393147101811
2.724393147101811
2.724393147101811
2.724393147101811
2.724393147101811
2.724393147101811
2.724393147101811
2.724393147101811
2.724393147101811
2.724393147101811
2.724393147101811
2.724393147101811
2.724393147101811
2.724393147101811
2.724393147101811
2.724393147101811
2.724393147101811
2.724393147101811
2.724393147101811
2.724393147101811
2.724393147101811
2.724393147101811
2.724393147101811
2.724393147101811
2.724393147101811
2.724393147101811
2.724393147101811
2.724393147101811
2.724393147101811
2.724393147101811
2.724393147101811
2.724393147101811
2.724393147101811
2.724393147101811
2.724393147101811
2.724393147101811
2.724393147101811
2.724393147101811
2.724393147101811
2.724393147101811
2.724393147101811
2.724393147101811
2.724393147101811
2.724393147101811
2.724393147101811
2.724393147101811
2.724393147101811
2.724393147101811
2.724393147101811
2.724393147101811
2.724393147101811
2.724393147101811
2.724393147101811
2.724393147101811
2.724393147101811
2.724393147101811
2.724393147101811
2.724393147101811
2.724393147101811
2.724393147101811
2.724393147101811
2.724393147101811
2.724393147101811
2.724393147101811
2.724393147101811
2.724393147101811
2.724393147101811
2.724393147101811
2.724393147101811
2.724393147101811
2.724393147101811
2.724393147101811
2.724393147101811
2.724393147101811
2.724393147101811
2.724393147101811
2.724393147101811
2.724393147101811
2.724393147101811
2.724393147101811
2.724393147101811
2.724393147101811
2.724393147101811
2.724393147101811
2.724393147101811
2.724393147101811
2.724393147101811
2.724393147101811
2.724393147101811
2.724393147101811
2.724393147101811
2.724393147101811
2.724393147101811
2.724393147101811
2.724393147101811
2.724393147101811
2.724393147101811
2.724393147101811
2.724393147101811
2.724393147101811
