3.024628617252808
3.315207519528802
2.299633363190768
2.4338142448258155
2.4338142448258155
3.0026368318547583
3.0026368318547583
2.2156866352810933
3.0026368318547583
2.2156866352810933
3.0026368318547583
3.0026368318547583
2.2156866352810933
2.2156866352810933
2.2156866352810933
2.2156866352810933
2.2156866352810933
3.0026368318547583
2.2156866352810933
2.2156866352810933
3.0026368318547583
0.0
0.0
2.4338142448258155
0.4963712942976707
0.0
0.0
0.4963712942976707
2.4338142448258155
2.299633363190768
2.930185539123488
2.4338142448258155
3.0026368318547583
2.299633363190768
2.4338142448258155
2.2156866352810933
2.2156866352810933
2.4338142448258155
2.2156866352810933
2.2156866352810933
2.4338142448258155
3.0026368318547583
2.2156866352810933
2.4338142448258155
2.712057929578764
2.2156866352810933
2.4338142448258155
0.0
0.0
2.4338142448258155
2.4338142448258155
0.0
2.4338142448258155
2.4338142448258155
2.4338142448258155
2.4338142448258155
2.2156866352810933
2.4338142448258155
2.4338142448258155
3.0026368318547583
2.4338142448258155
2.4338142448258155
2.2156866352810933
2.4338142448258155
2.4338142448258155
2.2156866352810933
2.4338142448258155
2.4338142448258155
2.2156866352810933
2.4338142448258155
2.4338142448258155
3.0026368318547583
2.4338142448258155
2.4338142448258155
3.0026368318547583
2.4338142448258155
2.4338142448258155
2.4338142448258155
2.4338142448258155
2.4338142448258155
0.0
2.4338142448258155
2.4338142448258155
2.4338142448258155
2.4338142448258155
2.4338142448258155
2.4338142448258155
2.4338142448258155
2.4338142448258155
2.4338142448258155
2.4338142448258155
2.4338142448258155
2.4338142448258155
2.4338142448258155
2.4338142448258155
2.4338142448258155
2.4338142448258155
2.4338142448258155
2.4338142448258155
2.4338142448258155
2.4338142448258155
2.4338142448258155
2.4338142448258155
2.4338142448258155
2.4338142448258155
2.4338142448258155
2.4338142448258155
2.4338142448258155
2.4338142448258155
2.4338142448258155
2.4338142448258155
2.4338142448258155
2.4338142448258155
2.4338142448258155
2.4338142448258155
2.4338142448258155
2.4338142448258155
2.4338142448258155
2.4338142448258155
2.4338142448258155
2.4338142448258155
2.4338142448258155
2.4338142448258155
2.4338142448258155
2.4338142448258155
2.4338142448258155
2.4338142448258155
2.4338142448258155
2.4338142448258155
2.4338142448258155
2.4338142448258155
2.4338142448258155
2.4338142448258155
2.4338142448258155
2.4338142448258155
2.4338142448258155
2.4338142448258155
2.4338142448258155
2.4338142448258155
2.4338142448258155
2.4338142448258155
2.4338142448258155
2.4338142448258155
2.4338142448258155
2.4338142448258155
2.4338142448258155
2.4338142448258155
2.4338142448258155
2.4338142448258155
2.4338142448258155
2.4338142448258155
2.4338142448258155
2.4338142448258155
2.4338142448258155
2.4338142448258155
2.4338142448258155
2.4338142448258155
2.4338142448258155
2.4338142448258155
2.4338142448258155
2.4338142448258155
2.4338142448258155
2.4338142448258155
2.4338142448258155
2.4338142448258155
2.4338142448258155
2.4338142448258155
2.4338142448258155
2.4338142448258155
2.4338142448258155
2.4338142448258155
2.4338142448258155
2.4338142448258155
2.4338142448258155
2.4338142448258155
2.4338142448258155
2.4338142448258155
2.4338142448258155
2.4338142448258155
2.4338142448258155
2.4338142448258155
2.4338142448258155
2.4338142448258155
2.4338142448258155
2.4338142448258155
2.4338142448258155
2.4338142448258155
2.4338142448258155
2.4338142448258155
2.4338142448258155
2.4338142448258155
2.4338142448258155
2.4338142448258155
2.4338142448258155
2.4338142448258155
2.4338142448258155
2.4338142448258155
2.4338142448258155
2.4338142448258155
2.4338142448258155
2.4338142448258155
2.4338142448258155
2.4338142448258155
2.4338142448258155
2.4338142448258155
2.4338142448258155
2.4338142448258155
2.4338142448258155
2.4338142448258155
2.4338142448258155
2.4338142448258155
2.4338142448258155
2.4338142448258155
2.4338142448258155
2.4338142448258155
2.4338142448258155
2.4338142448258155
2.4338142448258155
2.4338142448258155
2.4338142448258155
2.4338142448258155
2.4338142448258155
2.4338142448258155
2.4338142448258155
