0.02471674916644891
0.02471674916644891
0.005221989281320324
0.005221989281320324
0.005221989281320324
0.005221989281320324
0.005221989281320324
0.005221989281320324
0.005221989281320324
0.005221989281320324
0.005221989281320324
0.005221989281320324
0.005221989281320324
0.005221989281320324
0.005221989281320324
0.005221989281320324
0.005221989281320324
0.005221989281320324
0.005221989281320324
0.005221989281320324
0.005221989281320324
0.005221989281320324
0.005221989281320324
0.005221989281320324
0.005221989281320324
0.005221989281320324
0.005221989281320324
0.005221989281320324
0.005221989281320324
0.005221989281320324
