0.02471674916644891
0.0
0.005221989281320324
0.02471674916644891
0.09969697097937266
0.005221989281320324
0.005221989281320324
0.005221989281320324
0.005221989281320324
0.005221989281320324
0.005221989281320324
0.005221989281320324
0.005221989281320324
0.005221989281320324
0.005221989281320324
0.005221989281320324
0.005221989281320324
0.005221989281320324
0.005221989281320324
0.005221989281320324
0.005221989281320324
0.005221989281320324
0.005221989281320324
0.005221989281320324
0.005221989281320324
0.005221989281320324
0.005221989281320324
0.005221989281320324
0.005221989281320324
0.005221989281320324
