0.04348927636941274
0.022401137774189315
0.013333333532015483
0.0
0.0
0.0
7.843741836647193E-4
7.843741836647193E-4
7.843741836647193E-4
7.843741836647193E-4
7.843741836647193E-4
7.843741836647193E-4
7.843741836647193E-4
7.843741836647193E-4
7.843741836647193E-4
7.843741836647193E-4
7.843741836647193E-4
7.843741836647193E-4
7.843741836647193E-4
7.843741836647193E-4
7.843741836647193E-4
7.843741836647193E-4
0.0
0.0
0.0
0.0
7.843741836647193E-4
7.843741836647193E-4
7.843741836647193E-4
7.843741836647193E-4
