0.005879778601229191
0.0
0.020919774441669384
0.005879778601229191
0.020919774441669384
0.0
7.843741836647193E-4
7.843741836647193E-4
7.843741836647193E-4
7.843741836647193E-4
7.843741836647193E-4
7.843741836647193E-4
7.843741836647193E-4
7.843741836647193E-4
7.843741836647193E-4
7.843741836647193E-4
7.843741836647193E-4
7.843741836647193E-4
7.843741836647193E-4
7.843741836647193E-4
7.843741836647193E-4
7.843741836647193E-4
0.0
0.0
7.843741836647193E-4
7.843741836647193E-4
7.843741836647193E-4
7.843741836647193E-4
7.843741836647193E-4
7.843741836647193E-4
