0.012322609126567841
0.06549637652933597
0.020919774441669384
0.0
0.0
0.0
7.843741836647193E-4
7.843741836647193E-4
7.843741836647193E-4
7.843741836647193E-4
7.843741836647193E-4
7.843741836647193E-4
7.843741836647193E-4
7.843741836647193E-4
7.843741836647193E-4
7.843741836647193E-4
7.843741836647193E-4
7.843741836647193E-4
7.843741836647193E-4
7.843741836647193E-4
7.843741836647193E-4
7.843741836647193E-4
0.0
0.0
0.0
0.0
7.843741836647193E-4
7.843741836647193E-4
7.843741836647193E-4
7.843741836647193E-4
