0.00906780424217383
0.0
0.005221989281320324
0.00906780424217383
0.09303030421336492
0.005221989281320324
0.005221989281320324
0.005221989281320324
0.005221989281320324
0.005221989281320324
0.005221989281320324
0.005221989281320324
0.005221989281320324
0.005221989281320324
0.005221989281320324
0.005221989281320324
0.005221989281320324
0.005221989281320324
0.005221989281320324
0.005221989281320324
0.005221989281320324
0.005221989281320324
0.005221989281320324
0.0
0.005221989281320324
0.005221989281320324
0.005221989281320324
0.005221989281320324
0.005221989281320324
0.005221989281320324
