0.012322609126567841
0.06216304314633211
0.013333333532015483
0.0
0.0
0.0
7.843741836647193E-4
7.843741836647193E-4
7.843741836647193E-4
7.843741836647193E-4
7.843741836647193E-4
7.843741836647193E-4
7.843741836647193E-4
7.843741836647193E-4
7.843741836647193E-4
7.843741836647193E-4
7.843741836647193E-4
7.843741836647193E-4
7.843741836647193E-4
7.843741836647193E-4
7.843741836647193E-4
7.843741836647193E-4
0.0
0.0
0.0
0.0
7.843741836647193E-4
7.843741836647193E-4
7.843741836647193E-4
7.843741836647193E-4
