0.0037638826916615168
0.0
0.020919774441669384
0.0037638826916615168
0.0
0.020919774441669384
7.843741836647193E-4
7.843741836647193E-4
7.843741836647193E-4
7.843741836647193E-4
7.843741836647193E-4
7.843741836647193E-4
7.843741836647193E-4
7.843741836647193E-4
7.843741836647193E-4
7.843741836647193E-4
7.843741836647193E-4
7.843741836647193E-4
7.843741836647193E-4
7.843741836647193E-4
7.843741836647193E-4
7.843741836647193E-4
0.0
0.0
7.843741836647193E-4
7.843741836647193E-4
7.843741836647193E-4
7.843741836647193E-4
7.843741836647193E-4
7.843741836647193E-4
