0.02471674916644891
0.009609328769147395
0.005221989281320324
0.0
0.005221989281320324
0.005221989281320324
0.005221989281320324
0.005221989281320324
0.005221989281320324
0.005221989281320324
0.005221989281320324
0.005221989281320324
0.005221989281320324
0.005221989281320324
0.005221989281320324
0.005221989281320324
0.005221989281320324
0.005221989281320324
0.005221989281320324
0.005221989281320324
0.005221989281320324
0.005221989281320324
0.005221989281320324
0.005221989281320324
0.005221989281320324
0.005221989281320324
0.005221989281320324
0.005221989281320324
0.005221989281320324
0.005221989281320324
