0.011297597542579751
2.8083169672754593E-4
2.8083169672754593E-4
0.011297597542579751
0.06032791407778859
2.8083169672754593E-4
2.8083169672754593E-4
2.8083169672754593E-4
2.8083169672754593E-4
2.8083169672754593E-4
2.8083169672754593E-4
2.8083169672754593E-4
2.8083169672754593E-4
2.8083169672754593E-4
2.8083169672754593E-4
2.8083169672754593E-4
2.8083169672754593E-4
2.8083169672754593E-4
2.8083169672754593E-4
2.8083169672754593E-4
2.8083169672754593E-4
2.8083169672754593E-4
2.8083169672754593E-4
2.8083169672754593E-4
2.8083169672754593E-4
2.8083169672754593E-4
2.8083169672754593E-4
2.8083169672754593E-4
2.8083169672754593E-4
2.8083169672754593E-4
