0.04373494815081358
2.8083169672754593E-4
2.8083169672754593E-4
0.04373494815081358
0.06020936934146448
2.8083169672754593E-4
2.8083169672754593E-4
2.8083169672754593E-4
2.8083169672754593E-4
2.8083169672754593E-4
2.8083169672754593E-4
2.8083169672754593E-4
2.8083169672754593E-4
2.8083169672754593E-4
2.8083169672754593E-4
2.8083169672754593E-4
2.8083169672754593E-4
2.8083169672754593E-4
2.8083169672754593E-4
2.8083169672754593E-4
2.8083169672754593E-4
2.8083169672754593E-4
2.8083169672754593E-4
2.8083169672754593E-4
2.8083169672754593E-4
2.8083169672754593E-4
2.8083169672754593E-4
2.8083169672754593E-4
2.8083169672754593E-4
2.8083169672754593E-4
