0.01020936859640642
1.6228696040343493E-4
1.6228696040343493E-4
0.01020936859640642
0.04373494815081358
0.01266228714666795
1.6228696040343493E-4
1.6228696040343493E-4
1.6228696040343493E-4
1.6228696040343493E-4
2.8083169672754593E-4
2.8083169672754593E-4
1.6228696040343493E-4
1.6228696040343493E-4
1.6228696040343493E-4
1.6228696040343493E-4
1.6228696040343493E-4
1.6228696040343493E-4
1.6228696040343493E-4
1.6228696040343493E-4
1.6228696040343493E-4
1.6228696040343493E-4
1.6228696040343493E-4
1.6228696040343493E-4
1.6228696040343493E-4
1.6228696040343493E-4
1.6228696040343493E-4
2.8083169672754593E-4
1.6228696040343493E-4
2.8083169672754593E-4
