0.04373494815081358
2.8083169672754593E-4
2.8083169672754593E-4
2.8083169672754593E-4
2.8083169672754593E-4
2.8083169672754593E-4
2.8083169672754593E-4
2.8083169672754593E-4
2.8083169672754593E-4
2.8083169672754593E-4
2.8083169672754593E-4
2.8083169672754593E-4
2.8083169672754593E-4
2.8083169672754593E-4
2.8083169672754593E-4
2.8083169672754593E-4
2.8083169672754593E-4
2.8083169672754593E-4
2.8083169672754593E-4
2.8083169672754593E-4
2.8083169672754593E-4
2.8083169672754593E-4
2.8083169672754593E-4
2.8083169672754593E-4
2.8083169672754593E-4
2.8083169672754593E-4
2.8083169672754593E-4
2.8083169672754593E-4
2.8083169672754593E-4
2.8083169672754593E-4
