0.03629759791510878
0.03251045849174261
2.8083169672754593E-4
2.8083169672754593E-4
2.8083169672754593E-4
2.8083169672754593E-4
2.8083169672754593E-4
2.8083169672754593E-4
2.8083169672754593E-4
2.8083169672754593E-4
2.8083169672754593E-4
2.8083169672754593E-4
2.8083169672754593E-4
2.8083169672754593E-4
2.8083169672754593E-4
2.8083169672754593E-4
2.8083169672754593E-4
2.8083169672754593E-4
2.8083169672754593E-4
2.8083169672754593E-4
2.8083169672754593E-4
2.8083169672754593E-4
2.8083169672754593E-4
2.8083169672754593E-4
2.8083169672754593E-4
2.8083169672754593E-4
2.8083169672754593E-4
2.8083169672754593E-4
2.8083169672754593E-4
2.8083169672754593E-4
