0.02252208720165072
0.06032791407778859
2.8083169672754593E-4
2.8083169672754593E-4
2.8083169672754593E-4
2.8083169672754593E-4
2.8083169672754593E-4
2.8083169672754593E-4
2.8083169672754593E-4
2.8083169672754593E-4
2.8083169672754593E-4
2.8083169672754593E-4
2.8083169672754593E-4
2.8083169672754593E-4
2.8083169672754593E-4
2.8083169672754593E-4
2.8083169672754593E-4
2.8083169672754593E-4
2.8083169672754593E-4
2.8083169672754593E-4
2.8083169672754593E-4
2.8083169672754593E-4
2.8083169672754593E-4
2.8083169672754593E-4
2.8083169672754593E-4
2.8083169672754593E-4
2.8083169672754593E-4
2.8083169672754593E-4
2.8083169672754593E-4
2.8083169672754593E-4
