0.012517558643594384
0.0010882994974963367
0.0010882994974963367
0.0010882994974963367
0.0010882994974963367
0.0010882994974963367
0.0010882994974963367
0.0010882994974963367
5.5882352171465755E-5
0.0010882994974963367
0.0035235431510955094
2.0239247824065386E-4
0.0010882994974963367
0.0010882994974963367
0.0010882994974963367
0.0010882994974963367
0.0010882994974963367
0.0010882994974963367
0.0010882994974963367
0.0010882994974963367
0.0010882994974963367
0.0010882994974963367
0.0010882994974963367
0.0010882994974963367
0.0010882994974963367
0.0010882994974963367
0.0010882994974963367
0.0010882994974963367
0.0010882994974963367
0.0010882994974963367
0.0010882994974963367
0.0010882994974963367
0.0010882994974963367
0.0010882994974963367
0.0010882994974963367
0.0010882994974963367
0.0010882994974963367
0.0010882994974963367
0.0010882994974963367
0.0010882994974963367
0.0010882994974963367
0.0010882994974963367
0.0010882994974963367
0.0010882994974963367
0.0010882994974963367
0.0010882994974963367
0.0010882994974963367
0.0010882994974963367
0.0010882994974963367
0.0010882994974963367
0.0010882994974963367
0.0010882994974963367
0.0010882994974963367
0.0010882994974963367
0.0010882994974963367
0.0010882994974963367
0.0010882994974963367
0.0010882994974963367
0.0010882994974963367
0.0010882994974963367
0.0010882994974963367
0.0010882994974963367
0.0010882994974963367
0.0010882994974963367
0.0010882994974963367
0.0010882994974963367
0.0010882994974963367
0.0010882994974963367
0.0010882994974963367
0.0010882994974963367
0.0010882994974963367
0.0010882994974963367
0.0010882994974963367
0.0010882994974963367
0.0010882994974963367
0.0010882994974963367
0.0010882994974963367
0.0010882994974963367
0.0010882994974963367
0.0010882994974963367
0.0010882994974963367
