0.021497974364319817
0.0014856875815894455
0.0014856875815894455
0.0014856875815894455
0.0014856875815894455
0.0014856875815894455
0.0014856875815894455
0.0014856875815894455
5.5882352171465755E-5
5.5882352171465755E-5
0.0014856875815894455
1.2081741588190197E-4
0.0014856875815894455
0.0014856875815894455
1.2081741588190197E-4
0.0014856875815894455
0.0014856875815894455
0.0014856875815894455
0.0014856875815894455
0.0014856875815894455
0.0014856875815894455
0.0014856875815894455
0.0014856875815894455
0.0014856875815894455
0.0014856875815894455
5.5882352171465755E-5
2.220211725216359E-4
0.0014856875815894455
0.0014856875815894455
0.0014856875815894455
0.0014856875815894455
0.0014856875815894455
0.0014856875815894455
0.0014856875815894455
0.0014856875815894455
0.0014856875815894455
0.0014856875815894455
0.0014856875815894455
0.0014856875815894455
0.0014856875815894455
0.0014856875815894455
0.0014856875815894455
0.0014856875815894455
0.0014856875815894455
0.0014856875815894455
0.0014856875815894455
0.0014856875815894455
0.0014856875815894455
0.0014856875815894455
0.0014856875815894455
0.0014856875815894455
0.0014856875815894455
0.0014856875815894455
0.0014856875815894455
0.0014856875815894455
0.0014856875815894455
0.0014856875815894455
0.0014856875815894455
0.0014856875815894455
0.0014856875815894455
0.0014856875815894455
0.0014856875815894455
0.0014856875815894455
0.0014856875815894455
0.0014856875815894455
0.0014856875815894455
0.0014856875815894455
0.0014856875815894455
0.0014856875815894455
0.0014856875815894455
0.0014856875815894455
0.0014856875815894455
0.0014856875815894455
0.0014856875815894455
0.0014856875815894455
0.0014856875815894455
0.0014856875815894455
0.0014856875815894455
0.0014856875815894455
0.0014856875815894455
0.0014856875815894455
