0.050943387864390385
5.5882352171465755E-5
5.5882352171465755E-5
5.5882352171465755E-5
5.5882352171465755E-5
5.5882352171465755E-5
5.5882352171465755E-5
5.5882352171465755E-5
7.408138539176434E-4
5.5882352171465755E-5
5.5882352171465755E-5
5.5882352171465755E-5
5.5882352171465755E-5
5.5882352171465755E-5
5.5882352171465755E-5
5.5882352171465755E-5
5.5882352171465755E-5
5.5882352171465755E-5
5.5882352171465755E-5
5.5882352171465755E-5
5.5882352171465755E-5
5.5882352171465755E-5
5.5882352171465755E-5
5.5882352171465755E-5
5.5882352171465755E-5
5.5882352171465755E-5
5.5882352171465755E-5
5.5882352171465755E-5
5.5882352171465755E-5
5.5882352171465755E-5
5.5882352171465755E-5
5.5882352171465755E-5
5.5882352171465755E-5
5.5882352171465755E-5
5.5882352171465755E-5
5.5882352171465755E-5
5.5882352171465755E-5
5.5882352171465755E-5
5.5882352171465755E-5
5.5882352171465755E-5
5.5882352171465755E-5
5.5882352171465755E-5
5.5882352171465755E-5
5.5882352171465755E-5
5.5882352171465755E-5
5.5882352171465755E-5
5.5882352171465755E-5
5.5882352171465755E-5
5.5882352171465755E-5
5.5882352171465755E-5
5.5882352171465755E-5
5.5882352171465755E-5
5.5882352171465755E-5
5.5882352171465755E-5
5.5882352171465755E-5
5.5882352171465755E-5
5.5882352171465755E-5
5.5882352171465755E-5
5.5882352171465755E-5
5.5882352171465755E-5
5.5882352171465755E-5
5.5882352171465755E-5
5.5882352171465755E-5
5.5882352171465755E-5
5.5882352171465755E-5
5.5882352171465755E-5
5.5882352171465755E-5
5.5882352171465755E-5
5.5882352171465755E-5
5.5882352171465755E-5
5.5882352171465755E-5
5.5882352171465755E-5
5.5882352171465755E-5
5.5882352171465755E-5
5.5882352171465755E-5
5.5882352171465755E-5
5.5882352171465755E-5
5.5882352171465755E-5
5.5882352171465755E-5
5.5882352171465755E-5
5.5882352171465755E-5
