0.05195252029807307
0.0015904223488178103
0.0015904223488178103
0.0015904223488178103
0.0015904223488178103
0.0015904223488178103
5.5882352171465755E-5
5.5882352171465755E-5
0.0015904223488178103
0.0015904223488178103
0.0015904223488178103
1.8838498508557677E-4
5.5882352171465755E-5
0.0015904223488178103
0.0015904223488178103
0.0015904223488178103
0.0015904223488178103
0.0015904223488178103
0.0015904223488178103
0.0015904223488178103
0.0015904223488178103
0.0015904223488178103
0.0015904223488178103
0.0015904223488178103
0.0015904223488178103
0.0015904223488178103
0.0015904223488178103
0.0015904223488178103
0.0015904223488178103
0.0015904223488178103
0.0015904223488178103
0.0015904223488178103
0.0015904223488178103
0.0015904223488178103
0.0015904223488178103
0.0015904223488178103
0.0015904223488178103
0.0015904223488178103
0.0015904223488178103
0.0015904223488178103
0.0015904223488178103
0.0015904223488178103
0.0015904223488178103
0.0015904223488178103
0.0015904223488178103
0.0015904223488178103
0.0015904223488178103
0.0015904223488178103
0.0015904223488178103
0.0015904223488178103
0.0015904223488178103
0.0015904223488178103
0.0015904223488178103
0.0015904223488178103
0.0015904223488178103
0.0015904223488178103
0.0015904223488178103
0.0015904223488178103
0.0015904223488178103
0.0015904223488178103
0.0015904223488178103
0.0015904223488178103
0.0015904223488178103
0.0015904223488178103
0.0015904223488178103
0.0015904223488178103
0.0015904223488178103
0.0015904223488178103
0.0015904223488178103
0.0015904223488178103
0.0015904223488178103
0.0015904223488178103
0.0015904223488178103
0.0015904223488178103
0.0015904223488178103
0.0015904223488178103
0.0015904223488178103
0.0015904223488178103
0.0015904223488178103
0.0015904223488178103
0.0015904223488178103
