0.015943387342849745
0.001281004719203338
0.001281004719203338
0.001281004719203338
0.001281004719203338
0.001281004719203338
0.001281004719203338
0.001281004719203338
0.001281004719203338
0.001281004719203338
5.5882352171465755E-5
1.14547333214432E-4
5.5882352171465755E-5
0.001281004719203338
0.001281004719203338
0.001281004719203338
0.001281004719203338
0.001281004719203338
0.001281004719203338
0.001281004719203338
0.001281004719203338
0.001281004719203338
0.001281004719203338
0.001281004719203338
0.001281004719203338
0.001281004719203338
0.001281004719203338
0.001281004719203338
0.001281004719203338
0.001281004719203338
0.001281004719203338
0.001281004719203338
0.001281004719203338
0.001281004719203338
0.001281004719203338
0.001281004719203338
0.001281004719203338
0.001281004719203338
0.001281004719203338
0.001281004719203338
0.001281004719203338
0.001281004719203338
0.001281004719203338
0.001281004719203338
0.001281004719203338
0.001281004719203338
0.001281004719203338
0.001281004719203338
0.001281004719203338
0.001281004719203338
0.001281004719203338
0.001281004719203338
0.001281004719203338
0.001281004719203338
0.001281004719203338
0.001281004719203338
0.001281004719203338
0.001281004719203338
0.001281004719203338
0.001281004719203338
0.001281004719203338
0.001281004719203338
0.001281004719203338
0.001281004719203338
0.001281004719203338
0.001281004719203338
0.001281004719203338
0.001281004719203338
0.001281004719203338
0.001281004719203338
0.001281004719203338
0.001281004719203338
0.001281004719203338
0.001281004719203338
0.001281004719203338
0.001281004719203338
0.001281004719203338
0.001281004719203338
0.001281004719203338
0.001281004719203338
0.001281004719203338
