0.001263105606388611
2.065686829155311E-4
4.752728030628835E-4
1.9903588205731163E-4
0.0014509663926825548
2.6304461935069414E-4
1.7617033154238015E-4
1.7669979715719819E-4
2.6304461935069414E-4
2.8930700306470196E-4
0.0012622459811003257
2.6304461935069414E-4
7.259579627619436E-5
5.865059987020989E-5
1.2849720175533245E-4
2.5425079317453004E-4
5.865059987020989E-5
2.5180234806612136E-4
3.237802108439306E-5
3.237802108439306E-5
0.002419772408514594
3.237802108439306E-5
3.237802108439306E-5
2.602988601817439E-4
3.237802108439306E-5
3.237802108439306E-5
3.237802108439306E-5
3.237802108439306E-5
4.4951557259385785E-4
0.0014831181237241254
0.0033827541483333334
4.4951557259385785E-4
2.3490748038360227E-4
1.543581699176381E-4
4.4951557259385785E-4
2.8930700306470196E-4
1.543581699176381E-4
4.4951557259385785E-4
7.259579627619436E-5
5.865059987020989E-5
4.4951557259385785E-4
2.5180234806612136E-4
3.237802108439306E-5
4.4951557259385785E-4
4.4951557259385785E-4
2.5425079317453004E-4
4.4951557259385785E-4
3.237802108439306E-5
2.5425079317453004E-4
4.4951557259385785E-4
1.1591069051064551E-4
3.237802108439306E-5
4.4951557259385785E-4
4.4951557259385785E-4
4.311339483441164E-5
4.4951557259385785E-4
8.927444752771408E-4
4.4951557259385785E-4
4.4951557259385785E-4
2.6304461935069414E-4
4.4951557259385785E-4
4.4951557259385785E-4
7.259579627619436E-5
4.4951557259385785E-4
4.4951557259385785E-4
7.259579627619436E-5
4.4951557259385785E-4
4.4951557259385785E-4
1.2849720175533245E-4
4.4951557259385785E-4
4.4951557259385785E-4
2.5180234806612136E-4
4.4951557259385785E-4
4.4951557259385785E-4
0.0016708904159410546
4.4951557259385785E-4
4.4951557259385785E-4
3.237802108439306E-5
4.4951557259385785E-4
4.4951557259385785E-4
4.311339483441164E-5
4.4951557259385785E-4
4.4951557259385785E-4
4.4951557259385785E-4
4.4951557259385785E-4
4.4951557259385785E-4
4.4951557259385785E-4
4.4951557259385785E-4
4.4951557259385785E-4
4.4951557259385785E-4
4.4951557259385785E-4
4.4951557259385785E-4
4.4951557259385785E-4
4.4951557259385785E-4
4.4951557259385785E-4
4.4951557259385785E-4
4.4951557259385785E-4
4.4951557259385785E-4
4.4951557259385785E-4
4.4951557259385785E-4
4.4951557259385785E-4
4.4951557259385785E-4
4.4951557259385785E-4
4.4951557259385785E-4
4.4951557259385785E-4
4.4951557259385785E-4
4.4951557259385785E-4
4.4951557259385785E-4
4.4951557259385785E-4
4.4951557259385785E-4
4.4951557259385785E-4
4.4951557259385785E-4
4.4951557259385785E-4
4.4951557259385785E-4
4.4951557259385785E-4
4.4951557259385785E-4
4.4951557259385785E-4
4.4951557259385785E-4
4.4951557259385785E-4
4.4951557259385785E-4
4.4951557259385785E-4
4.4951557259385785E-4
4.4951557259385785E-4
4.4951557259385785E-4
4.4951557259385785E-4
4.4951557259385785E-4
4.4951557259385785E-4
4.4951557259385785E-4
4.4951557259385785E-4
4.4951557259385785E-4
4.4951557259385785E-4
4.4951557259385785E-4
4.4951557259385785E-4
4.4951557259385785E-4
4.4951557259385785E-4
4.4951557259385785E-4
4.4951557259385785E-4
4.4951557259385785E-4
4.4951557259385785E-4
4.4951557259385785E-4
4.4951557259385785E-4
4.4951557259385785E-4
4.4951557259385785E-4
4.4951557259385785E-4
4.4951557259385785E-4
4.4951557259385785E-4
4.4951557259385785E-4
4.4951557259385785E-4
4.4951557259385785E-4
4.4951557259385785E-4
4.4951557259385785E-4
4.4951557259385785E-4
4.4951557259385785E-4
4.4951557259385785E-4
4.4951557259385785E-4
4.4951557259385785E-4
4.4951557259385785E-4
4.4951557259385785E-4
4.4951557259385785E-4
4.4951557259385785E-4
4.4951557259385785E-4
4.4951557259385785E-4
4.4951557259385785E-4
4.4951557259385785E-4
4.4951557259385785E-4
4.4951557259385785E-4
4.4951557259385785E-4
4.4951557259385785E-4
4.4951557259385785E-4
4.4951557259385785E-4
4.4951557259385785E-4
4.4951557259385785E-4
4.4951557259385785E-4
4.4951557259385785E-4
4.4951557259385785E-4
4.4951557259385785E-4
4.4951557259385785E-4
4.4951557259385785E-4
4.4951557259385785E-4
4.4951557259385785E-4
4.4951557259385785E-4
4.4951557259385785E-4
4.4951557259385785E-4
4.4951557259385785E-4
4.4951557259385785E-4
4.4951557259385785E-4
4.4951557259385785E-4
4.4951557259385785E-4
4.4951557259385785E-4
4.4951557259385785E-4
4.4951557259385785E-4
4.4951557259385785E-4
4.4951557259385785E-4
4.4951557259385785E-4
4.4951557259385785E-4
4.4951557259385785E-4
4.4951557259385785E-4
4.4951557259385785E-4
4.4951557259385785E-4
4.4951557259385785E-4
4.4951557259385785E-4
4.4951557259385785E-4
4.4951557259385785E-4
4.4951557259385785E-4
4.4951557259385785E-4
4.4951557259385785E-4
4.4951557259385785E-4
4.4951557259385785E-4
4.4951557259385785E-4
4.4951557259385785E-4
4.4951557259385785E-4
4.4951557259385785E-4
4.4951557259385785E-4
4.4951557259385785E-4
4.4951557259385785E-4
4.4951557259385785E-4
4.4951557259385785E-4
4.4951557259385785E-4
4.4951557259385785E-4
4.4951557259385785E-4
4.4951557259385785E-4
4.4951557259385785E-4
4.4951557259385785E-4
4.4951557259385785E-4
