7.656559551833198E-4
1.9532641163095833E-4
1.9382979371584952E-4
1.8830050830729306E-4
4.2374592546063163E-4
1.8676111455230663E-4
2.6505922724027184E-4
3.779335122089833E-4
2.1489825351939847E-4
3.1964236210721235E-4
3.1964236210721235E-4
0.0068228278706859175
1.4676997088827192E-4
4.876915268444767E-4
7.259579627619436E-5
1.2957258344007034E-4
4.876915268444767E-4
2.1489825351939847E-4
6.186042252617577E-5
6.186042252617577E-5
2.1489825351939847E-4
1.9931747228838504E-4
1.9931747228838504E-4
6.836883665528148E-4
1.253524892187367E-4
3.237802108439306E-5
1.253524892187367E-4
2.6935995265375823E-4
6.836883665528148E-4
2.827186894137412E-4
4.7753682592883707E-4
6.836883665528148E-4
2.756500102501983E-4
1.543581699176381E-4
6.836883665528148E-4
0.0010522431131297103
4.876915268444767E-4
6.836883665528148E-4
1.4676997088827192E-4
7.259579627619436E-5
6.836883665528148E-4
0.0068815650195271395
7.259579627619436E-5
6.836883665528148E-4
1.271529617952183E-4
2.5425079317453004E-4
6.836883665528148E-4
2.6935995265375823E-4
2.5425079317453004E-4
6.836883665528148E-4
2.4411843332927674E-4
1.253524892187367E-4
6.836883665528148E-4
6.836883665528148E-4
2.4411843332927674E-4
6.836883665528148E-4
5.924386612605303E-4
6.836883665528148E-4
6.836883665528148E-4
1.8676111455230663E-4
6.836883665528148E-4
6.836883665528148E-4
7.259579627619436E-5
6.836883665528148E-4
6.836883665528148E-4
1.4676997088827192E-4
6.836883665528148E-4
6.836883665528148E-4
7.259579627619436E-5
6.836883665528148E-4
6.836883665528148E-4
2.1489825351939847E-4
6.836883665528148E-4
6.836883665528148E-4
1.253524892187367E-4
6.836883665528148E-4
6.836883665528148E-4
3.237802108439306E-5
6.836883665528148E-4
6.836883665528148E-4
2.4411843332927674E-4
6.836883665528148E-4
6.836883665528148E-4
2.4411843332927674E-4
6.836883665528148E-4
6.836883665528148E-4
6.836883665528148E-4
6.836883665528148E-4
6.836883665528148E-4
6.836883665528148E-4
6.836883665528148E-4
6.836883665528148E-4
6.836883665528148E-4
6.836883665528148E-4
6.836883665528148E-4
6.836883665528148E-4
6.836883665528148E-4
6.836883665528148E-4
6.836883665528148E-4
6.836883665528148E-4
6.836883665528148E-4
6.836883665528148E-4
6.836883665528148E-4
6.836883665528148E-4
6.836883665528148E-4
6.836883665528148E-4
6.836883665528148E-4
2.6935995265375823E-4
6.836883665528148E-4
6.836883665528148E-4
6.836883665528148E-4
6.836883665528148E-4
6.836883665528148E-4
6.836883665528148E-4
6.836883665528148E-4
6.836883665528148E-4
6.836883665528148E-4
6.836883665528148E-4
6.836883665528148E-4
6.836883665528148E-4
6.836883665528148E-4
6.836883665528148E-4
6.836883665528148E-4
6.836883665528148E-4
6.836883665528148E-4
6.836883665528148E-4
6.836883665528148E-4
6.836883665528148E-4
6.836883665528148E-4
6.836883665528148E-4
6.836883665528148E-4
6.836883665528148E-4
6.836883665528148E-4
6.836883665528148E-4
6.836883665528148E-4
6.836883665528148E-4
6.836883665528148E-4
6.836883665528148E-4
6.836883665528148E-4
6.836883665528148E-4
6.836883665528148E-4
6.836883665528148E-4
6.836883665528148E-4
6.836883665528148E-4
6.836883665528148E-4
6.836883665528148E-4
6.836883665528148E-4
6.836883665528148E-4
6.836883665528148E-4
6.836883665528148E-4
6.836883665528148E-4
6.836883665528148E-4
6.836883665528148E-4
6.836883665528148E-4
6.836883665528148E-4
6.836883665528148E-4
6.836883665528148E-4
6.836883665528148E-4
6.836883665528148E-4
6.836883665528148E-4
6.836883665528148E-4
6.836883665528148E-4
6.836883665528148E-4
6.836883665528148E-4
6.836883665528148E-4
6.836883665528148E-4
6.836883665528148E-4
6.836883665528148E-4
6.836883665528148E-4
6.836883665528148E-4
6.836883665528148E-4
6.836883665528148E-4
6.836883665528148E-4
6.836883665528148E-4
6.836883665528148E-4
6.836883665528148E-4
6.836883665528148E-4
6.836883665528148E-4
6.836883665528148E-4
6.836883665528148E-4
6.836883665528148E-4
6.836883665528148E-4
6.836883665528148E-4
6.836883665528148E-4
6.836883665528148E-4
6.836883665528148E-4
6.836883665528148E-4
6.836883665528148E-4
6.836883665528148E-4
6.836883665528148E-4
6.836883665528148E-4
6.836883665528148E-4
6.836883665528148E-4
6.836883665528148E-4
6.836883665528148E-4
6.836883665528148E-4
6.836883665528148E-4
6.836883665528148E-4
6.836883665528148E-4
6.836883665528148E-4
6.836883665528148E-4
6.836883665528148E-4
6.836883665528148E-4
6.836883665528148E-4
6.836883665528148E-4
6.836883665528148E-4
6.836883665528148E-4
6.836883665528148E-4
6.836883665528148E-4
6.836883665528148E-4
6.836883665528148E-4
6.836883665528148E-4
6.836883665528148E-4
6.836883665528148E-4
6.836883665528148E-4
6.836883665528148E-4
6.836883665528148E-4
6.836883665528148E-4
6.836883665528148E-4
6.836883665528148E-4
6.836883665528148E-4
6.836883665528148E-4
6.836883665528148E-4
6.836883665528148E-4
