3.953264133694271E-4
2.9478823319853593E-4
4.549816114983211E-4
1.8830050830729306E-4
1.8830050830729306E-4
2.6304461935069414E-4
2.3490748038360227E-4
1.766435675866281E-4
0.006918469114073862
1.2849720175533245E-4
0.006991729190728316
3.459415980614722E-4
1.0036455447940777E-4
3.9198395679704843E-4
6.186042252617577E-5
3.9198395679704843E-4
3.9198395679704843E-4
2.5320748682133853E-4
2.5425079317453004E-4
3.237802108439306E-5
0.030148276056085402
2.5425079317453004E-4
3.237802108439306E-5
2.2855020361021162E-4
2.5579174786495665E-4
3.237802108439306E-5
3.237802108439306E-5
2.5579174786495665E-4
2.2855020361021162E-4
1.543581699176381E-4
1.9532641163095833E-4
2.2855020361021162E-4
2.6304461935069414E-4
1.543581699176381E-4
2.2855020361021162E-4
2.3641897035607448E-4
1.543581699176381E-4
2.2855020361021162E-4
3.9198395679704843E-4
4.876915268444767E-4
2.2855020361021162E-4
4.132816684432328E-4
6.186042252617577E-5
2.2855020361021162E-4
2.5579174786495665E-4
1.2957258344007034E-4
2.2855020361021162E-4
3.237802108439306E-5
2.5425079317453004E-4
2.2855020361021162E-4
2.2855020361021162E-4
3.237802108439306E-5
2.2855020361021162E-4
2.2855020361021162E-4
2.2855020361021162E-4
2.2855020361021162E-4
4.549816114983211E-4
2.2855020361021162E-4
2.2855020361021162E-4
2.6304461935069414E-4
2.2855020361021162E-4
2.2855020361021162E-4
4.876915268444767E-4
2.2855020361021162E-4
2.2855020361021162E-4
9.387006284669041E-5
2.2855020361021162E-4
2.2855020361021162E-4
6.186042252617577E-5
2.2855020361021162E-4
2.2855020361021162E-4
4.132816684432328E-4
2.2855020361021162E-4
2.2855020361021162E-4
0.030148276056085402
2.2855020361021162E-4
2.2855020361021162E-4
2.2855020361021162E-4
2.2855020361021162E-4
2.2855020361021162E-4
3.237802108439306E-5
2.2855020361021162E-4
2.2855020361021162E-4
2.2855020361021162E-4
2.2855020361021162E-4
2.2855020361021162E-4
2.2855020361021162E-4
2.2855020361021162E-4
2.2855020361021162E-4
2.2855020361021162E-4
2.2855020361021162E-4
2.2855020361021162E-4
2.2855020361021162E-4
2.2855020361021162E-4
2.2855020361021162E-4
2.2855020361021162E-4
2.2855020361021162E-4
2.2855020361021162E-4
2.2855020361021162E-4
2.2855020361021162E-4
2.2855020361021162E-4
2.2855020361021162E-4
2.2855020361021162E-4
2.2855020361021162E-4
2.2855020361021162E-4
2.2855020361021162E-4
2.2855020361021162E-4
2.2855020361021162E-4
2.2855020361021162E-4
2.2855020361021162E-4
2.2855020361021162E-4
2.2855020361021162E-4
2.2855020361021162E-4
2.2855020361021162E-4
2.2855020361021162E-4
2.2855020361021162E-4
2.2855020361021162E-4
2.2855020361021162E-4
2.2855020361021162E-4
2.2855020361021162E-4
2.2855020361021162E-4
2.2855020361021162E-4
2.2855020361021162E-4
2.2855020361021162E-4
2.2855020361021162E-4
2.2855020361021162E-4
2.2855020361021162E-4
2.2855020361021162E-4
2.2855020361021162E-4
2.2855020361021162E-4
2.2855020361021162E-4
2.2855020361021162E-4
2.2855020361021162E-4
2.2855020361021162E-4
2.2855020361021162E-4
2.2855020361021162E-4
2.2855020361021162E-4
2.2855020361021162E-4
2.2855020361021162E-4
2.2855020361021162E-4
2.2855020361021162E-4
2.2855020361021162E-4
2.2855020361021162E-4
2.2855020361021162E-4
2.2855020361021162E-4
2.2855020361021162E-4
2.2855020361021162E-4
2.2855020361021162E-4
2.2855020361021162E-4
2.2855020361021162E-4
2.2855020361021162E-4
2.2855020361021162E-4
2.2855020361021162E-4
2.2855020361021162E-4
2.2855020361021162E-4
2.2855020361021162E-4
2.2855020361021162E-4
2.2855020361021162E-4
2.2855020361021162E-4
2.2855020361021162E-4
2.2855020361021162E-4
2.2855020361021162E-4
2.2855020361021162E-4
2.2855020361021162E-4
2.2855020361021162E-4
2.2855020361021162E-4
2.2855020361021162E-4
2.2855020361021162E-4
2.2855020361021162E-4
2.2855020361021162E-4
2.2855020361021162E-4
2.2855020361021162E-4
2.2855020361021162E-4
2.2855020361021162E-4
2.2855020361021162E-4
2.2855020361021162E-4
2.2855020361021162E-4
2.2855020361021162E-4
2.2855020361021162E-4
2.2855020361021162E-4
2.2855020361021162E-4
2.2855020361021162E-4
2.2855020361021162E-4
2.2855020361021162E-4
2.2855020361021162E-4
2.2855020361021162E-4
2.2855020361021162E-4
2.2855020361021162E-4
2.2855020361021162E-4
2.2855020361021162E-4
2.2855020361021162E-4
2.2855020361021162E-4
2.2855020361021162E-4
2.2855020361021162E-4
2.2855020361021162E-4
2.2855020361021162E-4
2.2855020361021162E-4
2.2855020361021162E-4
2.2855020361021162E-4
2.2855020361021162E-4
2.2855020361021162E-4
2.2855020361021162E-4
2.2855020361021162E-4
2.2855020361021162E-4
2.2855020361021162E-4
2.2855020361021162E-4
2.2855020361021162E-4
2.2855020361021162E-4
2.2855020361021162E-4
2.2855020361021162E-4
2.2855020361021162E-4
2.2855020361021162E-4
2.2855020361021162E-4
2.2855020361021162E-4
2.2855020361021162E-4
2.2855020361021162E-4
2.2855020361021162E-4
2.2855020361021162E-4
2.2855020361021162E-4
2.2855020361021162E-4
2.2855020361021162E-4
2.2855020361021162E-4
2.2855020361021162E-4
2.2855020361021162E-4
