0.0011950783984502778
3.4402573267774034E-4
4.752728030628835E-4
1.8830050830729306E-4
7.321608621471872E-4
2.6304461935069414E-4
1.7617033154238015E-4
1.4676997088827192E-4
2.6304461935069414E-4
2.04307470509472E-4
0.0021711296576540917
2.6304461935069414E-4
7.259579627619436E-5
3.9198395679704843E-4
1.2849720175533245E-4
0.04732517349572542
3.9198395679704843E-4
2.036559822348257E-4
3.237802108439306E-5
3.237802108439306E-5
6.349917404198398E-4
3.237802108439306E-5
3.237802108439306E-5
6.349917404198398E-4
3.237802108439306E-5
3.237802108439306E-5
3.237802108439306E-5
3.237802108439306E-5
2.5010537065099924E-4
0.0011314632613599921
0.001445244121714495
2.5010537065099924E-4
2.3490748038360227E-4
1.543581699176381E-4
2.5010537065099924E-4
2.8930700306470196E-4
4.876915268444767E-4
2.5010537065099924E-4
7.259579627619436E-5
3.9198395679704843E-4
2.5010537065099924E-4
2.5180234806612136E-4
3.237802108439306E-5
2.5010537065099924E-4
1.1591069051064551E-4
2.5425079317453004E-4
2.5010537065099924E-4
3.237802108439306E-5
2.5425079317453004E-4
2.5010537065099924E-4
1.1591069051064551E-4
3.237802108439306E-5
2.5010537065099924E-4
2.5010537065099924E-4
3.237802108439306E-5
2.5010537065099924E-4
3.9669046139655014E-4
2.5010537065099924E-4
2.5010537065099924E-4
2.6304461935069414E-4
2.5010537065099924E-4
2.5010537065099924E-4
7.259579627619436E-5
2.5010537065099924E-4
2.5010537065099924E-4
6.186042252617577E-5
2.5010537065099924E-4
2.5010537065099924E-4
1.2849720175533245E-4
2.5010537065099924E-4
2.5010537065099924E-4
2.5180234806612136E-4
2.5010537065099924E-4
2.5010537065099924E-4
9.582775935996323E-4
2.5010537065099924E-4
2.5010537065099924E-4
3.237802108439306E-5
2.5010537065099924E-4
2.5010537065099924E-4
3.237802108439306E-5
2.5010537065099924E-4
2.5010537065099924E-4
2.5010537065099924E-4
2.5010537065099924E-4
2.5010537065099924E-4
2.5010537065099924E-4
2.5010537065099924E-4
2.5010537065099924E-4
2.5010537065099924E-4
2.5010537065099924E-4
2.5010537065099924E-4
2.5010537065099924E-4
2.5010537065099924E-4
2.5010537065099924E-4
2.5010537065099924E-4
2.5010537065099924E-4
2.5010537065099924E-4
2.5010537065099924E-4
2.5010537065099924E-4
2.5010537065099924E-4
2.5010537065099924E-4
2.5010537065099924E-4
2.5010537065099924E-4
2.5010537065099924E-4
2.5010537065099924E-4
2.5010537065099924E-4
2.5010537065099924E-4
2.5010537065099924E-4
2.5010537065099924E-4
2.5010537065099924E-4
2.5010537065099924E-4
2.5010537065099924E-4
2.5010537065099924E-4
2.5010537065099924E-4
2.5010537065099924E-4
2.5010537065099924E-4
2.5010537065099924E-4
2.5010537065099924E-4
2.5010537065099924E-4
2.5010537065099924E-4
2.5010537065099924E-4
2.5010537065099924E-4
2.5010537065099924E-4
2.5010537065099924E-4
2.5010537065099924E-4
2.5010537065099924E-4
2.5010537065099924E-4
2.5010537065099924E-4
2.5010537065099924E-4
2.5010537065099924E-4
2.5010537065099924E-4
2.5010537065099924E-4
2.5010537065099924E-4
2.5010537065099924E-4
2.5010537065099924E-4
2.5010537065099924E-4
2.5010537065099924E-4
2.5010537065099924E-4
2.5010537065099924E-4
2.5010537065099924E-4
2.5010537065099924E-4
2.5010537065099924E-4
2.5010537065099924E-4
2.5010537065099924E-4
2.5010537065099924E-4
2.5010537065099924E-4
2.5010537065099924E-4
2.5010537065099924E-4
2.5010537065099924E-4
2.5010537065099924E-4
2.5010537065099924E-4
2.5010537065099924E-4
2.5010537065099924E-4
2.5010537065099924E-4
2.5010537065099924E-4
2.5010537065099924E-4
2.5010537065099924E-4
2.5010537065099924E-4
2.5010537065099924E-4
2.5010537065099924E-4
2.5010537065099924E-4
2.5010537065099924E-4
2.5010537065099924E-4
2.5010537065099924E-4
2.5010537065099924E-4
2.5010537065099924E-4
2.5010537065099924E-4
2.5010537065099924E-4
2.5010537065099924E-4
2.5010537065099924E-4
2.5010537065099924E-4
2.5010537065099924E-4
2.5010537065099924E-4
2.5010537065099924E-4
2.5010537065099924E-4
2.5010537065099924E-4
2.5010537065099924E-4
2.5010537065099924E-4
2.5010537065099924E-4
2.5010537065099924E-4
2.5010537065099924E-4
2.5010537065099924E-4
2.5010537065099924E-4
2.5010537065099924E-4
2.5010537065099924E-4
2.5010537065099924E-4
2.5010537065099924E-4
2.5010537065099924E-4
2.5010537065099924E-4
2.5010537065099924E-4
2.5010537065099924E-4
2.5010537065099924E-4
2.5010537065099924E-4
2.5010537065099924E-4
2.5010537065099924E-4
2.5010537065099924E-4
2.5010537065099924E-4
2.5010537065099924E-4
2.5010537065099924E-4
2.5010537065099924E-4
2.5010537065099924E-4
2.5010537065099924E-4
2.5010537065099924E-4
2.5010537065099924E-4
2.5010537065099924E-4
2.5010537065099924E-4
2.5010537065099924E-4
2.5010537065099924E-4
2.5010537065099924E-4
2.5010537065099924E-4
2.5010537065099924E-4
2.5010537065099924E-4
2.5010537065099924E-4
2.5010537065099924E-4
2.5010537065099924E-4
2.5010537065099924E-4
2.5010537065099924E-4
2.5010537065099924E-4
2.5010537065099924E-4
2.5010537065099924E-4
2.5010537065099924E-4
2.5010537065099924E-4
2.5010537065099924E-4
