0.0077157524297945205
0.0038058374697963397
0.0055774806377788385
0.001203392333506296
0.002688441922267278
0.0055774806377788385
8.183765108697117E-4
0.0014217433015195032
7.634921465069055E-4
0.0022355256446947654
0.0055774806377788385
0.0055774806377788385
0.0055774806377788385
0.0055774806377788385
0.001679361192509532
0.0055774806377788385
0.0055774806377788385
0.0055774806377788385
0.0055774806377788385
0.0055774806377788385
0.0055774806377788385
0.0055774806377788385
0.0055774806377788385
