0.04046175237745046
0.001203392333506296
0.0022131274299075207
0.001203392333506296
0.001203392333506296
0.0022131274299075207
0.0016953043173998593
0.0022131274299075207
0.0022131274299075207
0.0022131274299075207
0.0022131274299075207
0.0022131274299075207
0.0022131274299075207
0.0022131274299075207
0.0022131274299075207
0.0022131274299075207
0.0022131274299075207
0.0022131274299075207
0.0022131274299075207
0.0022131274299075207
0.0022131274299075207
0.0022131274299075207
0.0022131274299075207
