0.00898025818169117
4.385768358285229E-5
0.0025586005533114074
0.00898025818169117
0.055000648647546765
0.0029870383247422674
7.839627408732971E-5
7.839627408732971E-5
7.839627408732971E-5
7.839627408732971E-5
8.685197603578369E-4
7.839627408732971E-5
7.839627408732971E-5
7.839627408732971E-5
7.839627408732971E-5
7.839627408732971E-5
7.839627408732971E-5
7.839627408732971E-5
7.839627408732971E-5
7.839627408732971E-5
7.839627408732971E-5
7.839627408732971E-5
7.839627408732971E-5
0.0025586005533114074
7.839627408732971E-5
7.839627408732971E-5
7.839627408732971E-5
7.839627408732971E-5
7.839627408732971E-5
7.839627408732971E-5
