7.839627408732971E-5
9.81786676372091E-5
0.0025331865181215107
7.839627408732971E-5
7.839627408732971E-5
7.839627408732971E-5
1.8667691620066762E-4
7.839627408732971E-5
2.407529003297289E-5
2.407529003297289E-5
0.048305108398199084
0.0025331865181215107
2.407529003297289E-5
2.407529003297289E-5
2.407529003297289E-5
2.407529003297289E-5
2.407529003297289E-5
2.407529003297289E-5
2.407529003297289E-5
2.407529003297289E-5
2.407529003297289E-5
2.407529003297289E-5
7.839627408732971E-5
7.839627408732971E-5
7.839627408732971E-5
2.407529003297289E-5
2.407529003297289E-5
2.407529003297289E-5
2.407529003297289E-5
2.407529003297289E-5
