0.0268989535048604
7.839627408732971E-5
3.6949038815995057E-4
0.0268989535048604
0.08226230544193337
3.6949038815995057E-4
3.6949038815995057E-4
3.6949038815995057E-4
3.6949038815995057E-4
3.6949038815995057E-4
3.6949038815995057E-4
3.6949038815995057E-4
3.6949038815995057E-4
3.6949038815995057E-4
3.6949038815995057E-4
3.6949038815995057E-4
3.6949038815995057E-4
3.6949038815995057E-4
3.6949038815995057E-4
3.6949038815995057E-4
3.6949038815995057E-4
3.6949038815995057E-4
3.6949038815995057E-4
3.6949038815995057E-4
3.6949038815995057E-4
3.6949038815995057E-4
3.6949038815995057E-4
3.6949038815995057E-4
3.6949038815995057E-4
3.6949038815995057E-4
