0.0015702741763864954
9.81786676372091E-5
0.048305108398199084
0.0015702741763864954
7.839627408732971E-5
7.839627408732971E-5
7.839627408732971E-5
7.839627408732971E-5
2.407529003297289E-5
2.407529003297289E-5
2.407529003297289E-5
2.407529003297289E-5
2.407529003297289E-5
2.407529003297289E-5
2.407529003297289E-5
2.407529003297289E-5
2.407529003297289E-5
2.407529003297289E-5
2.407529003297289E-5
2.407529003297289E-5
2.407529003297289E-5
7.839627408732971E-5
7.839627408732971E-5
0.048305108398199084
7.839627408732971E-5
7.839627408732971E-5
2.407529003297289E-5
2.407529003297289E-5
2.407529003297289E-5
2.407529003297289E-5
