0.048305108398199084
3.6949038815995057E-4
3.6949038815995057E-4
3.6949038815995057E-4
3.6949038815995057E-4
3.6949038815995057E-4
3.6949038815995057E-4
3.6949038815995057E-4
3.6949038815995057E-4
3.6949038815995057E-4
3.6949038815995057E-4
3.6949038815995057E-4
3.6949038815995057E-4
3.6949038815995057E-4
3.6949038815995057E-4
3.6949038815995057E-4
3.6949038815995057E-4
3.6949038815995057E-4
3.6949038815995057E-4
3.6949038815995057E-4
3.6949038815995057E-4
3.6949038815995057E-4
3.6949038815995057E-4
3.6949038815995057E-4
3.6949038815995057E-4
3.6949038815995057E-4
3.6949038815995057E-4
3.6949038815995057E-4
3.6949038815995057E-4
3.6949038815995057E-4
