7.839627408732971E-5
7.839627408732971E-5
0.0279077152411143
7.839627408732971E-5
9.81786676372091E-5
7.839627408732971E-5
7.839627408732971E-5
3.746925775582592E-4
2.407529003297289E-5
2.407529003297289E-5
2.407529003297289E-5
2.407529003297289E-5
2.407529003297289E-5
2.407529003297289E-5
2.407529003297289E-5
2.407529003297289E-5
0.07742399424314499
2.407529003297289E-5
2.407529003297289E-5
2.407529003297289E-5
2.407529003297289E-5
2.407529003297289E-5
7.839627408732971E-5
7.839627408732971E-5
7.839627408732971E-5
2.407529003297289E-5
2.407529003297289E-5
2.407529003297289E-5
2.407529003297289E-5
2.407529003297289E-5
