0.012683961912989617
4.385768358285229E-5
0.0025586005533114074
0.012683961912989617
2.407529003297289E-5
0.048305108398199084
7.839627408732971E-5
7.839627408732971E-5
7.839627408732971E-5
7.839627408732971E-5
7.839627408732971E-5
7.839627408732971E-5
3.746925775582592E-4
3.746925775582592E-4
7.839627408732971E-5
7.839627408732971E-5
7.839627408732971E-5
7.839627408732971E-5
7.839627408732971E-5
7.839627408732971E-5
7.839627408732971E-5
7.839627408732971E-5
7.839627408732971E-5
0.0025586005533114074
7.839627408732971E-5
7.839627408732971E-5
7.839627408732971E-5
7.839627408732971E-5
7.839627408732971E-5
7.839627408732971E-5
