0.048305108398199084
7.839627408732971E-5
3.6949038815995057E-4
3.6949038815995057E-4
3.6949038815995057E-4
3.6949038815995057E-4
3.6949038815995057E-4
3.6949038815995057E-4
3.6949038815995057E-4
3.6949038815995057E-4
3.6949038815995057E-4
3.6949038815995057E-4
3.6949038815995057E-4
3.6949038815995057E-4
3.6949038815995057E-4
3.6949038815995057E-4
3.6949038815995057E-4
3.6949038815995057E-4
3.6949038815995057E-4
3.6949038815995057E-4
3.6949038815995057E-4
3.6949038815995057E-4
3.6949038815995057E-4
3.6949038815995057E-4
3.6949038815995057E-4
3.6949038815995057E-4
3.6949038815995057E-4
3.6949038815995057E-4
3.6949038815995057E-4
3.6949038815995057E-4
