7.839627408732971E-5
7.839627408732971E-5
0.048305108398199084
7.839627408732971E-5
9.81786676372091E-5
7.839627408732971E-5
7.839627408732971E-5
7.839627408732971E-5
2.407529003297289E-5
2.407529003297289E-5
2.407529003297289E-5
2.407529003297289E-5
2.407529003297289E-5
2.407529003297289E-5
2.407529003297289E-5
2.407529003297289E-5
2.407529003297289E-5
2.407529003297289E-5
2.407529003297289E-5
2.407529003297289E-5
2.407529003297289E-5
2.407529003297289E-5
7.839627408732971E-5
7.839627408732971E-5
1.8667691620066762E-4
2.407529003297289E-5
2.407529003297289E-5
0.002207983265786121
0.048305108398199084
2.407529003297289E-5
