0.060222871221291524
0.0018107870128005743
0.0016658129480977854
0.001495166945581635
0.0015472210633258024
0.0016658129480977854
0.001973495166748762
8.310692540059487E-4
0.001766723891099294
0.0018714544363319873
0.0016658129480977854
0.0016658129480977854
0.0016658129480977854
0.0012501522277792295
0.0012501522277792295
0.0016658129480977854
0.0016658129480977854
0.0016658129480977854
0.0016658129480977854
0.0016658129480977854
0.0016658129480977854
0.0016658129480977854
0.0016658129480977854
