0.05562434596164773
0.0010933956286559503
0.0023234860117857655
0.0010905956849455833
0.0010293376632034778
0.0023234860117857655
9.148924301067989E-4
0.0023234860117857655
0.0023234860117857655
0.0023234860117857655
0.0023234860117857655
0.0023234860117857655
0.0023234860117857655
0.0023234860117857655
0.0023234860117857655
0.0023234860117857655
0.0023234860117857655
0.0023234860117857655
0.0023234860117857655
0.0023234860117857655
0.0023234860117857655
0.0023234860117857655
0.0023234860117857655
