0.008457168843597174
0.005353500311806177
2.812939346767962E-5
8.278595875405396E-5
5.637926224153489E-4
1.078515526993821E-4
3.962386448013907E-5
5.925925991808375E-5
7.64825376487958E-5
5.637926224153489E-4
3.962386448013907E-5
1.078515526993821E-4
3.962386448013907E-5
0.005352284031687304
5.637926224153489E-4
1.8721663509495555E-4
8.72278194098423E-4
0.0022360923855255046
6.460293099128952E-4
5.637926224153489E-4
5.637926224153489E-4
6.460293099128952E-4
5.637926224153489E-4
5.637926224153489E-4
5.637926224153489E-4
5.637926224153489E-4
5.637926224153489E-4
5.637926224153489E-4
5.637926224153489E-4
5.637926224153489E-4
5.637926224153489E-4
5.637926224153489E-4
4.846151132369414E-5
4.846151132369414E-5
5.637926224153489E-4
5.115309230556401E-4
3.962386448013907E-5
5.637926224153489E-4
7.64825376487958E-5
5.637926224153489E-4
2.356908007641323E-4
0.0032109391409903764
2.812939346767962E-5
5.637926224153489E-4
5.637926224153489E-4
0.012138027884066104
5.637926224153489E-4
6.460293099128952E-4
0.0022360923855255046
5.637926224153489E-4
0.0022360923855255046
6.460293099128952E-4
5.637926224153489E-4
5.637926224153489E-4
5.637926224153489E-4
5.637926224153489E-4
5.637926224153489E-4
5.637926224153489E-4
5.637926224153489E-4
5.637926224153489E-4
5.637926224153489E-4
5.637926224153489E-4
5.080727714812383E-5
5.637926224153489E-4
5.637926224153489E-4
0.008328231703490018
7.936508239557346E-5
5.637926224153489E-4
1.078515526993821E-4
5.637926224153489E-4
5.925925991808375E-5
8.410070440731943E-4
5.637926224153489E-4
5.637926224153489E-4
5.637926224153489E-4
5.637926224153489E-4
5.637926224153489E-4
0.003243453222482155
5.637926224153489E-4
5.637926224153489E-4
2.2300759058756133E-4
5.637926224153489E-4
5.637926224153489E-4
5.637926224153489E-4
5.637926224153489E-4
5.637926224153489E-4
5.637926224153489E-4
5.637926224153489E-4
5.637926224153489E-4
5.637926224153489E-4
5.637926224153489E-4
5.637926224153489E-4
5.637926224153489E-4
5.637926224153489E-4
5.637926224153489E-4
5.637926224153489E-4
5.637926224153489E-4
5.637926224153489E-4
5.637926224153489E-4
5.637926224153489E-4
5.637926224153489E-4
5.637926224153489E-4
5.637926224153489E-4
5.637926224153489E-4
5.637926224153489E-4
5.637926224153489E-4
5.637926224153489E-4
5.637926224153489E-4
5.637926224153489E-4
5.637926224153489E-4
5.637926224153489E-4
5.637926224153489E-4
5.637926224153489E-4
5.637926224153489E-4
