2.3457658244296907E-6
7.645182874208937E-6
2.3457658244296907E-6
2.3457658244296907E-6
3.372371914641311E-5
2.3457658244296907E-6
7.645182874208937E-6
2.3457658244296907E-6
2.3457658244296907E-6
3.372371914641311E-5
2.3457658244296907E-6
2.3457658244296907E-6
2.3457658244296907E-6
2.3457658244296907E-6
3.372371914641311E-5
2.3457658244296907E-6
2.3457658244296907E-6
2.3457658244296907E-6
3.372371914641311E-5
3.372371914641311E-5
3.372371914641311E-5
3.372371914641311E-5
3.372371914641311E-5
3.372371914641311E-5
3.372371914641311E-5
3.372371914641311E-5
3.372371914641311E-5
3.372371914641311E-5
3.372371914641311E-5
3.372371914641311E-5
3.372371914641311E-5
3.372371914641311E-5
2.3457658244296907E-6
2.3457658244296907E-6
3.372371914641311E-5
7.645182874208937E-6
7.645182874208937E-6
3.372371914641311E-5
2.3457658244296907E-6
3.372371914641311E-5
2.3457658244296907E-6
2.3457658244296907E-6
2.3457658244296907E-6
3.372371914641311E-5
3.372371914641311E-5
2.3457658244296907E-6
3.372371914641311E-5
3.372371914641311E-5
2.3457658244296907E-6
3.372371914641311E-5
2.3457658244296907E-6
3.372371914641311E-5
3.372371914641311E-5
3.372371914641311E-5
3.372371914641311E-5
3.372371914641311E-5
3.372371914641311E-5
3.372371914641311E-5
3.372371914641311E-5
3.372371914641311E-5
3.372371914641311E-5
3.372371914641311E-5
2.3457658244296907E-6
3.372371914641311E-5
3.372371914641311E-5
2.3457658244296907E-6
2.3457658244296907E-6
3.372371914641311E-5
2.3457658244296907E-6
3.372371914641311E-5
2.3457658244296907E-6
0.09076923194030921
3.372371914641311E-5
3.372371914641311E-5
3.372371914641311E-5
3.372371914641311E-5
3.372371914641311E-5
2.3457658244296907E-6
3.372371914641311E-5
3.372371914641311E-5
3.372371914641311E-5
3.372371914641311E-5
3.372371914641311E-5
3.372371914641311E-5
3.372371914641311E-5
3.372371914641311E-5
3.372371914641311E-5
3.372371914641311E-5
3.372371914641311E-5
3.372371914641311E-5
3.372371914641311E-5
3.372371914641311E-5
3.372371914641311E-5
3.372371914641311E-5
3.372371914641311E-5
3.372371914641311E-5
3.372371914641311E-5
3.372371914641311E-5
3.372371914641311E-5
3.372371914641311E-5
3.372371914641311E-5
3.372371914641311E-5
3.372371914641311E-5
3.372371914641311E-5
3.372371914641311E-5
3.372371914641311E-5
3.372371914641311E-5
3.372371914641311E-5
3.372371914641311E-5
3.372371914641311E-5
3.372371914641311E-5
3.372371914641311E-5
3.372371914641311E-5
3.372371914641311E-5
