7.645182874208937E-6
2.3457658244296907E-6
2.3457658244296907E-6
0.09076923194030921
3.372371914641311E-5
2.3457658244296907E-6
2.3457658244296907E-6
2.3457658244296907E-6
2.3457658244296907E-6
3.372371914641311E-5
2.3457658244296907E-6
2.3457658244296907E-6
2.3457658244296907E-6
2.3457658244296907E-6
3.372371914641311E-5
4.5507860098344587E-5
3.372371914641311E-5
3.372371914641311E-5
3.372371914641311E-5
3.372371914641311E-5
3.372371914641311E-5
3.372371914641311E-5
3.372371914641311E-5
3.372371914641311E-5
3.372371914641311E-5
3.372371914641311E-5
3.372371914641311E-5
3.372371914641311E-5
3.372371914641311E-5
3.372371914641311E-5
3.372371914641311E-5
3.372371914641311E-5
2.3457658244296907E-6
2.3457658244296907E-6
3.372371914641311E-5
2.3457658244296907E-6
2.3457658244296907E-6
3.372371914641311E-5
2.3457658244296907E-6
3.372371914641311E-5
2.3457658244296907E-6
2.3457658244296907E-6
2.3457658244296907E-6
3.372371914641311E-5
3.372371914641311E-5
2.3457658244296907E-6
3.372371914641311E-5
3.372371914641311E-5
3.372371914641311E-5
3.372371914641311E-5
3.372371914641311E-5
3.372371914641311E-5
3.372371914641311E-5
3.372371914641311E-5
3.372371914641311E-5
3.372371914641311E-5
3.372371914641311E-5
3.372371914641311E-5
3.372371914641311E-5
3.372371914641311E-5
3.372371914641311E-5
3.372371914641311E-5
2.3457658244296907E-6
3.372371914641311E-5
3.372371914641311E-5
2.3457658244296907E-6
2.3457658244296907E-6
3.372371914641311E-5
2.3457658244296907E-6
3.372371914641311E-5
2.3457658244296907E-6
2.3457658244296907E-6
3.372371914641311E-5
3.372371914641311E-5
3.372371914641311E-5
3.372371914641311E-5
3.372371914641311E-5
2.3457658244296907E-6
3.372371914641311E-5
3.372371914641311E-5
3.372371914641311E-5
3.372371914641311E-5
3.372371914641311E-5
3.372371914641311E-5
3.372371914641311E-5
3.372371914641311E-5
3.372371914641311E-5
3.372371914641311E-5
3.372371914641311E-5
3.372371914641311E-5
3.372371914641311E-5
3.372371914641311E-5
3.372371914641311E-5
3.372371914641311E-5
3.372371914641311E-5
3.372371914641311E-5
3.372371914641311E-5
3.372371914641311E-5
3.372371914641311E-5
3.372371914641311E-5
3.372371914641311E-5
3.372371914641311E-5
3.372371914641311E-5
3.372371914641311E-5
3.372371914641311E-5
3.372371914641311E-5
3.372371914641311E-5
3.372371914641311E-5
3.372371914641311E-5
3.372371914641311E-5
3.372371914641311E-5
3.372371914641311E-5
3.372371914641311E-5
3.372371914641311E-5
