7.105452241376042E-4
0.0
6.968641343216101E-5
2.6317478235190112E-5
0.001648539632636433
2.6317478235190112E-5
0.0
2.6317478235190112E-5
2.6317478235190112E-5
0.0
0.0
2.6317478235190112E-5
2.6317478235190112E-5
2.6317478235190112E-5
2.6317478235190112E-5
2.6317478235190112E-5
2.6317478235190112E-5
2.6317478235190112E-5
2.6317478235190112E-5
2.6317478235190112E-5
0.004006325346805776
2.6317478235190112E-5
2.6317478235190112E-5
2.6317478235190112E-5
2.6317478235190112E-5
2.6317478235190112E-5
2.6317478235190112E-5
2.6317478235190112E-5
4.56311604163299E-4
0.0020417421124875545
0.0017047219366456072
4.56311604163299E-4
2.6317478235190112E-5
2.6317478235190112E-5
4.56311604163299E-4
0.0
2.6317478235190112E-5
4.56311604163299E-4
2.6317478235190112E-5
2.6317478235190112E-5
4.56311604163299E-4
2.6317478235190112E-5
2.6317478235190112E-5
4.56311604163299E-4
2.6317478235190112E-5
2.6317478235190112E-5
4.56311604163299E-4
2.6317478235190112E-5
2.6317478235190112E-5
4.56311604163299E-4
2.6317478235190112E-5
2.6317478235190112E-5
4.56311604163299E-4
4.56311604163299E-4
2.6317478235190112E-5
4.56311604163299E-4
0.0011206061268846195
4.56311604163299E-4
4.56311604163299E-4
2.6317478235190112E-5
4.56311604163299E-4
4.56311604163299E-4
2.6317478235190112E-5
4.56311604163299E-4
4.56311604163299E-4
2.6317478235190112E-5
4.56311604163299E-4
4.56311604163299E-4
2.6317478235190112E-5
4.56311604163299E-4
4.56311604163299E-4
2.6317478235190112E-5
4.56311604163299E-4
4.56311604163299E-4
8.120271163837363E-4
4.56311604163299E-4
4.56311604163299E-4
2.6317478235190112E-5
4.56311604163299E-4
4.56311604163299E-4
2.6317478235190112E-5
4.56311604163299E-4
4.56311604163299E-4
4.56311604163299E-4
4.56311604163299E-4
4.56311604163299E-4
4.56311604163299E-4
4.56311604163299E-4
4.56311604163299E-4
4.56311604163299E-4
4.56311604163299E-4
4.56311604163299E-4
4.56311604163299E-4
4.56311604163299E-4
4.56311604163299E-4
4.56311604163299E-4
4.56311604163299E-4
4.56311604163299E-4
4.56311604163299E-4
4.56311604163299E-4
4.56311604163299E-4
4.56311604163299E-4
4.56311604163299E-4
4.56311604163299E-4
4.56311604163299E-4
4.56311604163299E-4
4.56311604163299E-4
4.56311604163299E-4
4.56311604163299E-4
4.56311604163299E-4
4.56311604163299E-4
4.56311604163299E-4
4.56311604163299E-4
4.56311604163299E-4
4.56311604163299E-4
4.56311604163299E-4
4.56311604163299E-4
4.56311604163299E-4
4.56311604163299E-4
4.56311604163299E-4
4.56311604163299E-4
4.56311604163299E-4
4.56311604163299E-4
4.56311604163299E-4
4.56311604163299E-4
4.56311604163299E-4
4.56311604163299E-4
4.56311604163299E-4
4.56311604163299E-4
4.56311604163299E-4
4.56311604163299E-4
4.56311604163299E-4
4.56311604163299E-4
4.56311604163299E-4
4.56311604163299E-4
4.56311604163299E-4
4.56311604163299E-4
4.56311604163299E-4
4.56311604163299E-4
4.56311604163299E-4
4.56311604163299E-4
4.56311604163299E-4
4.56311604163299E-4
4.56311604163299E-4
4.56311604163299E-4
4.56311604163299E-4
4.56311604163299E-4
0.09335965220234357
4.56311604163299E-4
4.56311604163299E-4
4.56311604163299E-4
4.56311604163299E-4
4.56311604163299E-4
4.56311604163299E-4
4.56311604163299E-4
4.56311604163299E-4
4.56311604163299E-4
4.56311604163299E-4
4.56311604163299E-4
4.56311604163299E-4
4.56311604163299E-4
4.56311604163299E-4
4.56311604163299E-4
4.56311604163299E-4
4.56311604163299E-4
4.56311604163299E-4
4.56311604163299E-4
4.56311604163299E-4
4.56311604163299E-4
4.56311604163299E-4
4.56311604163299E-4
4.56311604163299E-4
4.56311604163299E-4
4.56311604163299E-4
4.56311604163299E-4
4.56311604163299E-4
4.56311604163299E-4
4.56311604163299E-4
4.56311604163299E-4
4.56311604163299E-4
4.56311604163299E-4
4.56311604163299E-4
4.56311604163299E-4
4.56311604163299E-4
4.56311604163299E-4
4.56311604163299E-4
4.56311604163299E-4
4.56311604163299E-4
4.56311604163299E-4
4.56311604163299E-4
4.56311604163299E-4
4.56311604163299E-4
4.56311604163299E-4
4.56311604163299E-4
4.56311604163299E-4
4.56311604163299E-4
4.56311604163299E-4
4.56311604163299E-4
4.56311604163299E-4
4.56311604163299E-4
4.56311604163299E-4
4.56311604163299E-4
4.56311604163299E-4
4.56311604163299E-4
4.56311604163299E-4
4.56311604163299E-4
4.56311604163299E-4
4.56311604163299E-4
4.56311604163299E-4
4.56311604163299E-4
4.56311604163299E-4
4.56311604163299E-4
4.56311604163299E-4
4.56311604163299E-4
4.56311604163299E-4
4.56311604163299E-4
4.56311604163299E-4
4.56311604163299E-4
4.56311604163299E-4
4.56311604163299E-4
4.56311604163299E-4
4.56311604163299E-4
4.56311604163299E-4
4.56311604163299E-4
