6.944444806625446E-5
0.0
0.0
1.6377452799739938E-4
7.080347219016403E-4
2.6317478235190112E-5
0.0
0.0
2.6317478235190112E-5
0.0
0.0
2.6317478235190112E-5
2.6317478235190112E-5
2.6317478235190112E-5
2.6317478235190112E-5
2.6317478235190112E-5
2.6317478235190112E-5
2.6317478235190112E-5
2.6317478235190112E-5
2.6317478235190112E-5
3.630178146219502E-4
2.6317478235190112E-5
2.6317478235190112E-5
2.6317478235190112E-5
2.6317478235190112E-5
2.6317478235190112E-5
2.6317478235190112E-5
2.6317478235190112E-5
2.0812611134412388E-4
1.410974267249306E-4
0.08729422010170916
2.0812611134412388E-4
2.6317478235190112E-5
2.6317478235190112E-5
2.0812611134412388E-4
0.0
0.006692984244242931
2.0812611134412388E-4
2.6317478235190112E-5
2.6317478235190112E-5
2.0812611134412388E-4
0.006692984244242931
2.6317478235190112E-5
2.0812611134412388E-4
0.0020124305059046796
0.006692984244242931
2.0812611134412388E-4
2.6317478235190112E-5
2.6317478235190112E-5
2.0812611134412388E-4
2.6317478235190112E-5
2.6317478235190112E-5
2.0812611134412388E-4
2.0812611134412388E-4
2.6317478235190112E-5
2.0812611134412388E-4
4.8479988084485133E-4
2.0812611134412388E-4
2.0812611134412388E-4
2.6317478235190112E-5
2.0812611134412388E-4
2.0812611134412388E-4
2.6317478235190112E-5
2.0812611134412388E-4
2.0812611134412388E-4
2.6317478235190112E-5
2.0812611134412388E-4
2.0812611134412388E-4
2.6317478235190112E-5
2.0812611134412388E-4
2.0812611134412388E-4
2.6317478235190112E-5
2.0812611134412388E-4
2.0812611134412388E-4
2.6317478235190112E-5
2.0812611134412388E-4
2.0812611134412388E-4
2.6317478235190112E-5
2.0812611134412388E-4
2.0812611134412388E-4
2.6317478235190112E-5
2.0812611134412388E-4
2.0812611134412388E-4
2.0812611134412388E-4
2.0812611134412388E-4
2.0812611134412388E-4
2.0812611134412388E-4
2.0812611134412388E-4
2.0812611134412388E-4
2.0812611134412388E-4
2.0812611134412388E-4
2.0812611134412388E-4
2.0812611134412388E-4
2.0812611134412388E-4
2.0812611134412388E-4
2.0812611134412388E-4
2.0812611134412388E-4
2.0812611134412388E-4
2.0812611134412388E-4
2.0812611134412388E-4
2.0812611134412388E-4
2.0812611134412388E-4
2.0812611134412388E-4
2.0812611134412388E-4
2.0812611134412388E-4
2.0812611134412388E-4
2.0812611134412388E-4
2.0812611134412388E-4
2.0812611134412388E-4
2.0812611134412388E-4
2.0812611134412388E-4
2.0812611134412388E-4
2.0812611134412388E-4
2.0812611134412388E-4
2.0812611134412388E-4
2.0812611134412388E-4
2.0812611134412388E-4
2.0812611134412388E-4
2.0812611134412388E-4
2.0812611134412388E-4
2.0812611134412388E-4
2.0812611134412388E-4
2.0812611134412388E-4
2.0812611134412388E-4
2.0812611134412388E-4
2.0812611134412388E-4
2.0812611134412388E-4
2.0812611134412388E-4
2.0812611134412388E-4
2.0812611134412388E-4
2.0812611134412388E-4
2.0812611134412388E-4
2.0812611134412388E-4
2.0812611134412388E-4
2.0812611134412388E-4
2.0812611134412388E-4
2.0812611134412388E-4
2.0812611134412388E-4
2.0812611134412388E-4
2.0812611134412388E-4
2.0812611134412388E-4
2.0812611134412388E-4
2.0812611134412388E-4
2.0812611134412388E-4
2.0812611134412388E-4
2.0812611134412388E-4
2.0812611134412388E-4
2.0812611134412388E-4
2.0812611134412388E-4
2.0812611134412388E-4
2.0812611134412388E-4
2.0812611134412388E-4
2.0812611134412388E-4
2.0812611134412388E-4
2.0812611134412388E-4
2.0812611134412388E-4
2.0812611134412388E-4
2.0812611134412388E-4
2.0812611134412388E-4
2.0812611134412388E-4
2.0812611134412388E-4
2.0812611134412388E-4
2.0812611134412388E-4
2.0812611134412388E-4
2.0812611134412388E-4
2.0812611134412388E-4
2.0812611134412388E-4
2.0812611134412388E-4
2.0812611134412388E-4
2.0812611134412388E-4
2.0812611134412388E-4
2.0812611134412388E-4
2.0812611134412388E-4
2.0812611134412388E-4
2.0812611134412388E-4
2.0812611134412388E-4
2.0812611134412388E-4
2.0812611134412388E-4
2.0812611134412388E-4
2.0812611134412388E-4
2.0812611134412388E-4
2.0812611134412388E-4
2.0812611134412388E-4
2.0812611134412388E-4
2.0812611134412388E-4
2.0812611134412388E-4
2.0812611134412388E-4
2.0812611134412388E-4
2.0812611134412388E-4
2.0812611134412388E-4
2.0812611134412388E-4
2.0812611134412388E-4
2.0812611134412388E-4
2.0812611134412388E-4
2.0812611134412388E-4
2.0812611134412388E-4
2.0812611134412388E-4
2.0812611134412388E-4
2.0812611134412388E-4
2.0812611134412388E-4
2.0812611134412388E-4
2.0812611134412388E-4
2.0812611134412388E-4
2.0812611134412388E-4
2.0812611134412388E-4
2.0812611134412388E-4
2.0812611134412388E-4
2.0812611134412388E-4
2.0812611134412388E-4
2.0812611134412388E-4
2.0812611134412388E-4
2.0812611134412388E-4
2.0812611134412388E-4
2.0812611134412388E-4
2.0812611134412388E-4
2.0812611134412388E-4
2.0812611134412388E-4
2.0812611134412388E-4
2.0812611134412388E-4
2.0812611134412388E-4
2.0812611134412388E-4
2.0812611134412388E-4
2.0812611134412388E-4
2.0812611134412388E-4
