1.3605441587666672E-4
6.944444806625446E-5
0.0
0.0035438597047080596
0.0037500452715903522
0.0
0.0
6.968641343216101E-5
0.0
3.83141761024793E-5
0.0012886195133129756
0.0
3.83141761024793E-5
0.0066666667660077415
0.0
0.0033333333830038708
0.0066666667660077415
0.0
0.0
0.0033333333830038708
0.0066666667660077415
0.0
0.0
7.990918665503462E-4
0.0
0.0033333333830038708
0.0
3.105907429320117E-5
7.990918665503462E-4
0.0066666667660077415
6.944444806625446E-5
7.990918665503462E-4
0.0
0.0035438597047080596
7.990918665503462E-4
3.83141761024793E-5
0.0033333333830038708
7.990918665503462E-4
1.0775862416873375E-4
0.0
7.990918665503462E-4
0.0
0.0
7.990918665503462E-4
0.00703296714151899
0.0033333333830038708
7.990918665503462E-4
3.105907429320117E-5
0.0033333333830038708
7.990918665503462E-4
2.6317478235190112E-5
0.0
7.990918665503462E-4
7.990918665503462E-4
2.6317478235190112E-5
7.990918665503462E-4
0.0
7.990918665503462E-4
7.990918665503462E-4
0.0
7.990918665503462E-4
7.990918665503462E-4
0.0
7.990918665503462E-4
7.990918665503462E-4
0.0
7.990918665503462E-4
7.990918665503462E-4
0.0
7.990918665503462E-4
7.990918665503462E-4
0.0
7.990918665503462E-4
7.990918665503462E-4
0.0
7.990918665503462E-4
7.990918665503462E-4
2.6317478235190112E-5
7.990918665503462E-4
7.990918665503462E-4
2.6317478235190112E-5
7.990918665503462E-4
7.990918665503462E-4
2.6317478235190112E-5
7.990918665503462E-4
7.990918665503462E-4
7.990918665503462E-4
7.990918665503462E-4
7.990918665503462E-4
7.990918665503462E-4
7.990918665503462E-4
7.990918665503462E-4
7.990918665503462E-4
7.990918665503462E-4
7.990918665503462E-4
7.990918665503462E-4
7.990918665503462E-4
7.990918665503462E-4
7.990918665503462E-4
7.990918665503462E-4
7.990918665503462E-4
7.990918665503462E-4
7.990918665503462E-4
7.990918665503462E-4
7.990918665503462E-4
7.990918665503462E-4
7.990918665503462E-4
3.105907429320117E-5
7.990918665503462E-4
7.990918665503462E-4
7.990918665503462E-4
7.990918665503462E-4
7.990918665503462E-4
7.990918665503462E-4
7.990918665503462E-4
7.990918665503462E-4
7.990918665503462E-4
7.990918665503462E-4
7.990918665503462E-4
7.990918665503462E-4
7.990918665503462E-4
7.990918665503462E-4
7.990918665503462E-4
7.990918665503462E-4
7.990918665503462E-4
7.990918665503462E-4
7.990918665503462E-4
7.990918665503462E-4
7.990918665503462E-4
7.990918665503462E-4
7.990918665503462E-4
7.990918665503462E-4
7.990918665503462E-4
7.990918665503462E-4
7.990918665503462E-4
7.990918665503462E-4
7.990918665503462E-4
7.990918665503462E-4
7.990918665503462E-4
7.990918665503462E-4
7.990918665503462E-4
7.990918665503462E-4
7.990918665503462E-4
7.990918665503462E-4
7.990918665503462E-4
7.990918665503462E-4
7.990918665503462E-4
7.990918665503462E-4
7.990918665503462E-4
7.990918665503462E-4
7.990918665503462E-4
7.990918665503462E-4
7.990918665503462E-4
7.990918665503462E-4
7.990918665503462E-4
7.990918665503462E-4
7.990918665503462E-4
7.990918665503462E-4
7.990918665503462E-4
7.990918665503462E-4
7.990918665503462E-4
7.990918665503462E-4
7.990918665503462E-4
7.990918665503462E-4
7.990918665503462E-4
7.990918665503462E-4
7.990918665503462E-4
7.990918665503462E-4
7.990918665503462E-4
7.990918665503462E-4
7.990918665503462E-4
7.990918665503462E-4
7.990918665503462E-4
7.990918665503462E-4
7.990918665503462E-4
7.990918665503462E-4
7.990918665503462E-4
7.990918665503462E-4
7.990918665503462E-4
7.990918665503462E-4
7.990918665503462E-4
7.990918665503462E-4
7.990918665503462E-4
7.990918665503462E-4
7.990918665503462E-4
7.990918665503462E-4
7.990918665503462E-4
7.990918665503462E-4
7.990918665503462E-4
7.990918665503462E-4
7.990918665503462E-4
7.990918665503462E-4
7.990918665503462E-4
7.990918665503462E-4
7.990918665503462E-4
7.990918665503462E-4
7.990918665503462E-4
7.990918665503462E-4
7.990918665503462E-4
7.990918665503462E-4
7.990918665503462E-4
7.990918665503462E-4
7.990918665503462E-4
7.990918665503462E-4
7.990918665503462E-4
7.990918665503462E-4
7.990918665503462E-4
7.990918665503462E-4
7.990918665503462E-4
7.990918665503462E-4
7.990918665503462E-4
7.990918665503462E-4
7.990918665503462E-4
7.990918665503462E-4
7.990918665503462E-4
7.990918665503462E-4
7.990918665503462E-4
7.990918665503462E-4
7.990918665503462E-4
7.990918665503462E-4
7.990918665503462E-4
7.990918665503462E-4
7.990918665503462E-4
7.990918665503462E-4
