1.3841493831326563E-4
0.0
6.968641343216101E-5
2.6317478235190112E-5
2.283376893804719E-4
2.6317478235190112E-5
0.0
2.6317478235190112E-5
2.6317478235190112E-5
0.0
0.0014289254943529765
2.6317478235190112E-5
2.6317478235190112E-5
2.6317478235190112E-5
2.6317478235190112E-5
0.07669298528732421
0.0033596508612390606
2.6317478235190112E-5
2.6317478235190112E-5
2.6317478235190112E-5
2.6317478235190112E-5
2.6317478235190112E-5
2.6317478235190112E-5
2.6317478235190112E-5
2.6317478235190112E-5
2.6317478235190112E-5
2.6317478235190112E-5
2.6317478235190112E-5
8.861462702043354E-5
5.368138042589029E-4
2.707487360263864E-4
8.861462702043354E-5
2.6317478235190112E-5
2.6317478235190112E-5
8.861462702043354E-5
0.0
2.6317478235190112E-5
8.861462702043354E-5
2.6317478235190112E-5
2.6317478235190112E-5
8.861462702043354E-5
2.6317478235190112E-5
2.6317478235190112E-5
8.861462702043354E-5
2.6317478235190112E-5
2.6317478235190112E-5
8.861462702043354E-5
2.6317478235190112E-5
2.6317478235190112E-5
8.861462702043354E-5
2.6317478235190112E-5
2.6317478235190112E-5
8.861462702043354E-5
8.861462702043354E-5
2.6317478235190112E-5
8.861462702043354E-5
2.069014978284637E-4
8.861462702043354E-5
8.861462702043354E-5
2.6317478235190112E-5
8.861462702043354E-5
8.861462702043354E-5
2.6317478235190112E-5
8.861462702043354E-5
8.861462702043354E-5
2.6317478235190112E-5
8.861462702043354E-5
8.861462702043354E-5
2.6317478235190112E-5
8.861462702043354E-5
8.861462702043354E-5
2.6317478235190112E-5
8.861462702043354E-5
8.861462702043354E-5
9.649292139026026E-5
8.861462702043354E-5
8.861462702043354E-5
2.6317478235190112E-5
8.861462702043354E-5
8.861462702043354E-5
2.6317478235190112E-5
8.861462702043354E-5
8.861462702043354E-5
8.861462702043354E-5
8.861462702043354E-5
8.861462702043354E-5
8.861462702043354E-5
8.861462702043354E-5
8.861462702043354E-5
8.861462702043354E-5
8.861462702043354E-5
8.861462702043354E-5
8.861462702043354E-5
8.861462702043354E-5
8.861462702043354E-5
8.861462702043354E-5
8.861462702043354E-5
8.861462702043354E-5
8.861462702043354E-5
8.861462702043354E-5
8.861462702043354E-5
8.861462702043354E-5
8.861462702043354E-5
8.861462702043354E-5
8.861462702043354E-5
8.861462702043354E-5
8.861462702043354E-5
8.861462702043354E-5
8.861462702043354E-5
8.861462702043354E-5
8.861462702043354E-5
8.861462702043354E-5
8.861462702043354E-5
8.861462702043354E-5
8.861462702043354E-5
8.861462702043354E-5
8.861462702043354E-5
8.861462702043354E-5
8.861462702043354E-5
8.861462702043354E-5
8.861462702043354E-5
8.861462702043354E-5
8.861462702043354E-5
8.861462702043354E-5
8.861462702043354E-5
8.861462702043354E-5
8.861462702043354E-5
8.861462702043354E-5
8.861462702043354E-5
8.861462702043354E-5
8.861462702043354E-5
8.861462702043354E-5
8.861462702043354E-5
8.861462702043354E-5
8.861462702043354E-5
8.861462702043354E-5
8.861462702043354E-5
8.861462702043354E-5
8.861462702043354E-5
8.861462702043354E-5
8.861462702043354E-5
8.861462702043354E-5
8.861462702043354E-5
8.861462702043354E-5
8.861462702043354E-5
8.861462702043354E-5
8.861462702043354E-5
8.861462702043354E-5
8.861462702043354E-5
8.861462702043354E-5
8.861462702043354E-5
8.861462702043354E-5
8.861462702043354E-5
8.861462702043354E-5
8.861462702043354E-5
8.861462702043354E-5
8.861462702043354E-5
8.861462702043354E-5
8.861462702043354E-5
8.861462702043354E-5
8.861462702043354E-5
8.861462702043354E-5
8.861462702043354E-5
8.861462702043354E-5
8.861462702043354E-5
8.861462702043354E-5
8.861462702043354E-5
8.861462702043354E-5
8.861462702043354E-5
8.861462702043354E-5
8.861462702043354E-5
8.861462702043354E-5
8.861462702043354E-5
8.861462702043354E-5
8.861462702043354E-5
8.861462702043354E-5
8.861462702043354E-5
8.861462702043354E-5
8.861462702043354E-5
8.861462702043354E-5
8.861462702043354E-5
8.861462702043354E-5
8.861462702043354E-5
8.861462702043354E-5
8.861462702043354E-5
8.861462702043354E-5
8.861462702043354E-5
8.861462702043354E-5
8.861462702043354E-5
8.861462702043354E-5
8.861462702043354E-5
8.861462702043354E-5
8.861462702043354E-5
8.861462702043354E-5
8.861462702043354E-5
8.861462702043354E-5
8.861462702043354E-5
8.861462702043354E-5
8.861462702043354E-5
8.861462702043354E-5
8.861462702043354E-5
8.861462702043354E-5
8.861462702043354E-5
8.861462702043354E-5
8.861462702043354E-5
8.861462702043354E-5
8.861462702043354E-5
8.861462702043354E-5
8.861462702043354E-5
8.861462702043354E-5
8.861462702043354E-5
8.861462702043354E-5
8.861462702043354E-5
8.861462702043354E-5
8.861462702043354E-5
8.861462702043354E-5
8.861462702043354E-5
8.861462702043354E-5
8.861462702043354E-5
8.861462702043354E-5
8.861462702043354E-5
8.861462702043354E-5
8.861462702043354E-5
8.861462702043354E-5
