0.0
0.0
0.0
0.0034050179723029337
2.749140995244185E-4
0.0
0.0
0.0
0.0
3.663003755112489E-4
0.0
0.0
3.94477314936618E-5
3.94477314936618E-5
3.94477314936618E-5
3.94477314936618E-5
3.94477314936618E-5
3.94477314936618E-5
3.94477314936618E-5
1.0889217955991625E-4
0.03011113276782756
3.94477314936618E-5
3.94477314936618E-5
3.94477314936618E-5
1.1113232079272469E-4
3.94477314936618E-5
3.94477314936618E-5
1.1113232079272469E-4
3.94477314936618E-5
2.749140995244185E-4
0.0
3.94477314936618E-5
0.0
2.749140995244185E-4
3.94477314936618E-5
3.94477314936618E-5
3.94477314936618E-5
3.94477314936618E-5
3.94477314936618E-5
3.94477314936618E-5
3.94477314936618E-5
0.0
3.94477314936618E-5
3.94477314936618E-5
1.1113232079272469E-4
3.94477314936618E-5
3.94477314936618E-5
3.94477314936618E-5
3.94477314936618E-5
3.94477314936618E-5
3.94477314936618E-5
3.94477314936618E-5
3.94477314936618E-5
3.94477314936618E-5
3.94477314936618E-5
3.94477314936618E-5
0.0
3.94477314936618E-5
3.94477314936618E-5
0.0
3.94477314936618E-5
3.94477314936618E-5
3.94477314936618E-5
3.94477314936618E-5
3.94477314936618E-5
3.94477314936618E-5
3.94477314936618E-5
3.94477314936618E-5
3.94477314936618E-5
3.94477314936618E-5
3.94477314936618E-5
0.0
3.94477314936618E-5
3.94477314936618E-5
0.03011113276782756
3.94477314936618E-5
3.94477314936618E-5
3.94477314936618E-5
3.94477314936618E-5
3.94477314936618E-5
6.576520972885191E-5
3.94477314936618E-5
3.94477314936618E-5
3.94477314936618E-5
3.94477314936618E-5
3.94477314936618E-5
3.94477314936618E-5
3.94477314936618E-5
3.94477314936618E-5
3.94477314936618E-5
3.94477314936618E-5
3.94477314936618E-5
3.94477314936618E-5
3.94477314936618E-5
3.94477314936618E-5
3.94477314936618E-5
3.94477314936618E-5
3.94477314936618E-5
3.94477314936618E-5
3.94477314936618E-5
3.94477314936618E-5
3.94477314936618E-5
3.94477314936618E-5
3.94477314936618E-5
3.94477314936618E-5
3.94477314936618E-5
3.94477314936618E-5
3.94477314936618E-5
3.94477314936618E-5
3.94477314936618E-5
3.94477314936618E-5
3.94477314936618E-5
3.94477314936618E-5
3.94477314936618E-5
3.94477314936618E-5
3.94477314936618E-5
3.94477314936618E-5
3.94477314936618E-5
3.94477314936618E-5
3.94477314936618E-5
3.94477314936618E-5
3.94477314936618E-5
3.94477314936618E-5
3.94477314936618E-5
3.94477314936618E-5
3.94477314936618E-5
3.94477314936618E-5
3.94477314936618E-5
3.94477314936618E-5
3.94477314936618E-5
3.94477314936618E-5
3.94477314936618E-5
3.94477314936618E-5
3.94477314936618E-5
3.94477314936618E-5
3.94477314936618E-5
3.94477314936618E-5
3.94477314936618E-5
3.94477314936618E-5
3.94477314936618E-5
3.94477314936618E-5
3.94477314936618E-5
3.94477314936618E-5
3.94477314936618E-5
3.94477314936618E-5
3.94477314936618E-5
3.94477314936618E-5
3.94477314936618E-5
3.94477314936618E-5
3.94477314936618E-5
3.94477314936618E-5
3.94477314936618E-5
3.94477314936618E-5
3.94477314936618E-5
3.94477314936618E-5
3.94477314936618E-5
3.94477314936618E-5
3.94477314936618E-5
3.94477314936618E-5
3.94477314936618E-5
3.94477314936618E-5
3.94477314936618E-5
3.94477314936618E-5
3.94477314936618E-5
3.94477314936618E-5
3.94477314936618E-5
3.94477314936618E-5
3.94477314936618E-5
3.94477314936618E-5
3.94477314936618E-5
3.94477314936618E-5
3.94477314936618E-5
3.94477314936618E-5
3.94477314936618E-5
3.94477314936618E-5
3.94477314936618E-5
3.94477314936618E-5
3.94477314936618E-5
3.94477314936618E-5
3.94477314936618E-5
3.94477314936618E-5
3.94477314936618E-5
3.94477314936618E-5
3.94477314936618E-5
3.94477314936618E-5
3.94477314936618E-5
3.94477314936618E-5
3.94477314936618E-5
3.94477314936618E-5
3.94477314936618E-5
3.94477314936618E-5
3.94477314936618E-5
3.94477314936618E-5
3.94477314936618E-5
3.94477314936618E-5
3.94477314936618E-5
3.94477314936618E-5
3.94477314936618E-5
3.94477314936618E-5
3.94477314936618E-5
3.94477314936618E-5
3.94477314936618E-5
3.94477314936618E-5
3.94477314936618E-5
3.94477314936618E-5
3.94477314936618E-5
3.94477314936618E-5
3.94477314936618E-5
3.94477314936618E-5
3.94477314936618E-5
3.94477314936618E-5
3.94477314936618E-5
3.94477314936618E-5
3.94477314936618E-5
3.94477314936618E-5
3.94477314936618E-5
3.94477314936618E-5
3.94477314936618E-5
3.94477314936618E-5
3.94477314936618E-5
3.94477314936618E-5
3.94477314936618E-5
3.94477314936618E-5
3.94477314936618E-5
