0.003814007956922675
1.4734106177153686E-4
1.4734106177153686E-4
1.4734106177153686E-4
1.4734106177153686E-4
1.4734106177153686E-4
1.4734106177153686E-4
1.4734106177153686E-4
1.4734106177153686E-4
1.4734106177153686E-4
1.4734106177153686E-4
1.4734106177153686E-4
1.4734106177153686E-4
1.4734106177153686E-4
1.4734106177153686E-4
1.4734106177153686E-4
1.4734106177153686E-4
1.4734106177153686E-4
1.4734106177153686E-4
1.4734106177153686E-4
1.4734106177153686E-4
1.4734106177153686E-4
1.4734106177153686E-4
1.4734106177153686E-4
1.4734106177153686E-4
1.4734106177153686E-4
1.4734106177153686E-4
1.4734106177153686E-4
1.4734106177153686E-4
1.4734106177153686E-4
1.4734106177153686E-4
1.4734106177153686E-4
1.4734106177153686E-4
1.4734106177153686E-4
1.4734106177153686E-4
0.07673077061772346
1.4734106177153686E-4
1.4734106177153686E-4
1.4734106177153686E-4
1.4734106177153686E-4
1.4734106177153686E-4
1.4734106177153686E-4
1.4734106177153686E-4
1.4734106177153686E-4
1.4734106177153686E-4
1.4734106177153686E-4
1.4734106177153686E-4
1.4734106177153686E-4
1.4734106177153686E-4
1.4734106177153686E-4
1.4734106177153686E-4
1.4734106177153686E-4
1.4734106177153686E-4
1.4734106177153686E-4
1.4734106177153686E-4
1.4734106177153686E-4
1.4734106177153686E-4
1.4734106177153686E-4
1.4734106177153686E-4
1.4734106177153686E-4
1.4734106177153686E-4
1.4734106177153686E-4
1.4734106177153686E-4
1.4734106177153686E-4
1.4734106177153686E-4
1.4734106177153686E-4
1.739014871418476E-4
1.4734106177153686E-4
1.4734106177153686E-4
1.4734106177153686E-4
1.4734106177153686E-4
1.4734106177153686E-4
1.4734106177153686E-4
1.4734106177153686E-4
1.4734106177153686E-4
1.4734106177153686E-4
1.4734106177153686E-4
1.4734106177153686E-4
1.4734106177153686E-4
1.4734106177153686E-4
1.4734106177153686E-4
1.4734106177153686E-4
1.4734106177153686E-4
1.4734106177153686E-4
1.4734106177153686E-4
1.4734106177153686E-4
1.4734106177153686E-4
1.4734106177153686E-4
1.4734106177153686E-4
1.4734106177153686E-4
1.4734106177153686E-4
1.4734106177153686E-4
1.4734106177153686E-4
1.4734106177153686E-4
1.4734106177153686E-4
1.4734106177153686E-4
1.4734106177153686E-4
1.4734106177153686E-4
1.4734106177153686E-4
1.4734106177153686E-4
1.4734106177153686E-4
1.4734106177153686E-4
1.4734106177153686E-4
1.4734106177153686E-4
1.4734106177153686E-4
1.4734106177153686E-4
1.4734106177153686E-4
1.4734106177153686E-4
1.4734106177153686E-4
1.4734106177153686E-4
1.4734106177153686E-4
1.4734106177153686E-4
1.4734106177153686E-4
1.4734106177153686E-4
