1.4734106177153686E-4
1.4734106177153686E-4
1.4734106177153686E-4
1.4734106177153686E-4
1.4734106177153686E-4
1.4734106177153686E-4
1.4734106177153686E-4
0.05205732708175977
1.4734106177153686E-4
1.4734106177153686E-4
1.4734106177153686E-4
1.4734106177153686E-4
1.4734106177153686E-4
1.4734106177153686E-4
1.4734106177153686E-4
1.4734106177153686E-4
1.4734106177153686E-4
1.4734106177153686E-4
1.4734106177153686E-4
1.4734106177153686E-4
1.4734106177153686E-4
1.4734106177153686E-4
1.4734106177153686E-4
1.4734106177153686E-4
1.4734106177153686E-4
1.4734106177153686E-4
1.4734106177153686E-4
1.4734106177153686E-4
1.4734106177153686E-4
1.4734106177153686E-4
1.4734106177153686E-4
1.4734106177153686E-4
1.4734106177153686E-4
1.4734106177153686E-4
1.4734106177153686E-4
1.4734106177153686E-4
1.4734106177153686E-4
1.4734106177153686E-4
0.001602472954740127
1.4734106177153686E-4
1.4734106177153686E-4
1.4734106177153686E-4
1.4734106177153686E-4
1.4734106177153686E-4
1.4734106177153686E-4
1.4734106177153686E-4
1.4734106177153686E-4
1.4734106177153686E-4
1.4734106177153686E-4
1.4734106177153686E-4
1.4734106177153686E-4
1.4734106177153686E-4
1.4734106177153686E-4
1.4734106177153686E-4
1.4734106177153686E-4
1.4734106177153686E-4
1.4734106177153686E-4
1.4734106177153686E-4
1.4734106177153686E-4
1.4734106177153686E-4
1.4734106177153686E-4
1.4734106177153686E-4
1.4734106177153686E-4
1.4734106177153686E-4
1.4734106177153686E-4
1.4734106177153686E-4
1.4734106177153686E-4
1.4734106177153686E-4
1.4734106177153686E-4
1.4734106177153686E-4
1.4734106177153686E-4
1.4734106177153686E-4
1.4734106177153686E-4
1.4734106177153686E-4
1.4734106177153686E-4
1.4734106177153686E-4
1.4734106177153686E-4
1.4734106177153686E-4
1.4734106177153686E-4
1.4734106177153686E-4
1.4734106177153686E-4
1.4734106177153686E-4
1.4734106177153686E-4
1.4734106177153686E-4
1.4734106177153686E-4
1.4734106177153686E-4
1.4734106177153686E-4
1.4734106177153686E-4
1.4734106177153686E-4
1.4734106177153686E-4
1.4734106177153686E-4
1.4734106177153686E-4
1.4734106177153686E-4
1.4734106177153686E-4
1.4734106177153686E-4
1.4734106177153686E-4
1.4734106177153686E-4
1.4734106177153686E-4
1.4734106177153686E-4
1.4734106177153686E-4
1.4734106177153686E-4
1.4734106177153686E-4
1.4734106177153686E-4
1.4734106177153686E-4
1.4734106177153686E-4
1.4734106177153686E-4
1.4734106177153686E-4
1.4734106177153686E-4
1.4734106177153686E-4
1.4734106177153686E-4
1.4734106177153686E-4
1.4734106177153686E-4
1.4734106177153686E-4
1.4734106177153686E-4
