0.017439377952056627
0.0031284622421177727
2.709847060032189E-4
1.4734106177153686E-4
5.438510309128711E-4
2.709847060032189E-4
1.4734106177153686E-4
2.709847060032189E-4
1.4734106177153686E-4
5.438510309128711E-4
1.4734106177153686E-4
2.709847060032189E-4
1.4734106177153686E-4
0.004148211120627821
5.438510309128711E-4
2.709847060032189E-4
2.709847060032189E-4
0.001945076397775362
6.837788988680889E-4
5.438510309128711E-4
5.438510309128711E-4
6.837788988680889E-4
5.438510309128711E-4
5.438510309128711E-4
5.438510309128711E-4
5.438510309128711E-4
5.438510309128711E-4
5.438510309128711E-4
5.438510309128711E-4
5.438510309128711E-4
5.438510309128711E-4
5.438510309128711E-4
1.242341745334367E-4
1.242341745334367E-4
5.438510309128711E-4
7.46506080031395E-4
1.739014871418476E-4
5.438510309128711E-4
1.4734106177153686E-4
5.438510309128711E-4
1.4734106177153686E-4
0.0028010995398896434
2.709847060032189E-4
5.438510309128711E-4
5.438510309128711E-4
0.011933587254801144
5.438510309128711E-4
6.837788988680889E-4
0.001945076397775362
5.438510309128711E-4
0.001945076397775362
6.837788988680889E-4
5.438510309128711E-4
5.438510309128711E-4
5.438510309128711E-4
5.438510309128711E-4
5.438510309128711E-4
5.438510309128711E-4
5.438510309128711E-4
5.438510309128711E-4
5.438510309128711E-4
5.438510309128711E-4
1.739014871418476E-4
5.438510309128711E-4
5.438510309128711E-4
0.0058262361795641485
5.526246386580169E-4
5.438510309128711E-4
2.709847060032189E-4
5.438510309128711E-4
2.709847060032189E-4
9.724659340766569E-4
5.438510309128711E-4
5.438510309128711E-4
5.438510309128711E-4
5.438510309128711E-4
5.438510309128711E-4
0.0032943993302372594
5.438510309128711E-4
5.438510309128711E-4
1.8756227994648118E-4
5.438510309128711E-4
5.438510309128711E-4
5.438510309128711E-4
5.438510309128711E-4
5.438510309128711E-4
5.438510309128711E-4
5.438510309128711E-4
5.438510309128711E-4
5.438510309128711E-4
5.438510309128711E-4
5.438510309128711E-4
5.438510309128711E-4
5.438510309128711E-4
5.438510309128711E-4
5.438510309128711E-4
5.438510309128711E-4
5.438510309128711E-4
5.438510309128711E-4
5.438510309128711E-4
5.438510309128711E-4
5.438510309128711E-4
5.438510309128711E-4
5.438510309128711E-4
5.438510309128711E-4
5.438510309128711E-4
5.438510309128711E-4
5.438510309128711E-4
5.438510309128711E-4
5.438510309128711E-4
5.438510309128711E-4
5.438510309128711E-4
5.438510309128711E-4
5.438510309128711E-4
