0.003814007956922675
1.4734106177153686E-4
1.4734106177153686E-4
1.4734106177153686E-4
1.9375195067065457E-4
1.4734106177153686E-4
1.4734106177153686E-4
1.4734106177153686E-4
1.4734106177153686E-4
1.9375195067065457E-4
1.4734106177153686E-4
1.4734106177153686E-4
1.4734106177153686E-4
1.4734106177153686E-4
1.9375195067065457E-4
1.4734106177153686E-4
1.4734106177153686E-4
1.4734106177153686E-4
1.4734106177153686E-4
1.9375195067065457E-4
1.9375195067065457E-4
1.9375195067065457E-4
1.9375195067065457E-4
1.9375195067065457E-4
1.9375195067065457E-4
1.9375195067065457E-4
1.9375195067065457E-4
1.9375195067065457E-4
1.9375195067065457E-4
1.9375195067065457E-4
1.9375195067065457E-4
1.9375195067065457E-4
1.4734106177153686E-4
1.4734106177153686E-4
1.9375195067065457E-4
1.4734106177153686E-4
1.4734106177153686E-4
1.9375195067065457E-4
1.4734106177153686E-4
1.9375195067065457E-4
1.4734106177153686E-4
1.4734106177153686E-4
1.4734106177153686E-4
1.9375195067065457E-4
1.9375195067065457E-4
1.4734106177153686E-4
1.9375195067065457E-4
1.4734106177153686E-4
1.4734106177153686E-4
1.9375195067065457E-4
1.4734106177153686E-4
0.07673077061772346
1.9375195067065457E-4
1.9375195067065457E-4
1.9375195067065457E-4
1.9375195067065457E-4
1.9375195067065457E-4
1.9375195067065457E-4
1.9375195067065457E-4
1.9375195067065457E-4
1.9375195067065457E-4
1.9375195067065457E-4
1.4734106177153686E-4
1.9375195067065457E-4
1.9375195067065457E-4
1.4734106177153686E-4
1.4734106177153686E-4
1.9375195067065457E-4
1.4734106177153686E-4
1.9375195067065457E-4
1.4734106177153686E-4
1.4734106177153686E-4
1.9375195067065457E-4
1.9375195067065457E-4
1.9375195067065457E-4
1.9375195067065457E-4
1.9375195067065457E-4
1.4734106177153686E-4
1.9375195067065457E-4
1.9375195067065457E-4
2.709847060032189E-4
1.9375195067065457E-4
1.9375195067065457E-4
1.9375195067065457E-4
1.9375195067065457E-4
1.9375195067065457E-4
1.9375195067065457E-4
1.9375195067065457E-4
1.9375195067065457E-4
1.9375195067065457E-4
1.9375195067065457E-4
1.9375195067065457E-4
1.9375195067065457E-4
1.9375195067065457E-4
1.9375195067065457E-4
1.9375195067065457E-4
1.9375195067065457E-4
1.9375195067065457E-4
1.9375195067065457E-4
1.9375195067065457E-4
1.9375195067065457E-4
1.9375195067065457E-4
1.9375195067065457E-4
1.9375195067065457E-4
1.9375195067065457E-4
1.9375195067065457E-4
1.9375195067065457E-4
1.9375195067065457E-4
1.9375195067065457E-4
1.9375195067065457E-4
1.9375195067065457E-4
1.9375195067065457E-4
1.9375195067065457E-4
1.9375195067065457E-4
