1.4734106177153686E-4
1.4734106177153686E-4
1.4734106177153686E-4
1.4734106177153686E-4
1.4734106177153686E-4
1.4734106177153686E-4
1.4734106177153686E-4
1.4734106177153686E-4
1.4734106177153686E-4
1.4734106177153686E-4
1.4734106177153686E-4
1.4734106177153686E-4
1.4734106177153686E-4
1.4734106177153686E-4
1.4734106177153686E-4
1.4734106177153686E-4
1.4734106177153686E-4
1.4734106177153686E-4
1.4734106177153686E-4
1.4734106177153686E-4
1.4734106177153686E-4
1.4734106177153686E-4
1.4734106177153686E-4
1.4734106177153686E-4
1.4734106177153686E-4
1.4734106177153686E-4
1.4734106177153686E-4
1.4734106177153686E-4
1.4734106177153686E-4
1.4734106177153686E-4
1.4734106177153686E-4
1.4734106177153686E-4
1.4734106177153686E-4
1.4734106177153686E-4
1.4734106177153686E-4
1.4734106177153686E-4
1.4734106177153686E-4
1.4734106177153686E-4
1.4734106177153686E-4
1.4734106177153686E-4
1.739014871418476E-4
1.4734106177153686E-4
1.4734106177153686E-4
1.4734106177153686E-4
1.4734106177153686E-4
1.4734106177153686E-4
1.4734106177153686E-4
1.4734106177153686E-4
1.4734106177153686E-4
1.4734106177153686E-4
1.4734106177153686E-4
1.4734106177153686E-4
1.4734106177153686E-4
1.4734106177153686E-4
1.4734106177153686E-4
1.4734106177153686E-4
1.4734106177153686E-4
1.4734106177153686E-4
1.4734106177153686E-4
1.4734106177153686E-4
1.4734106177153686E-4
1.4734106177153686E-4
1.4734106177153686E-4
1.4734106177153686E-4
1.4734106177153686E-4
1.4734106177153686E-4
1.4734106177153686E-4
1.4734106177153686E-4
1.4734106177153686E-4
1.4734106177153686E-4
1.4734106177153686E-4
0.05205732708175977
1.4734106177153686E-4
1.4734106177153686E-4
1.4734106177153686E-4
1.4734106177153686E-4
1.4734106177153686E-4
1.4734106177153686E-4
1.4734106177153686E-4
1.4734106177153686E-4
1.4734106177153686E-4
1.4734106177153686E-4
1.4734106177153686E-4
1.4734106177153686E-4
1.4734106177153686E-4
1.4734106177153686E-4
1.4734106177153686E-4
1.4734106177153686E-4
1.4734106177153686E-4
1.4734106177153686E-4
1.4734106177153686E-4
1.4734106177153686E-4
1.4734106177153686E-4
1.4734106177153686E-4
1.4734106177153686E-4
1.4734106177153686E-4
1.4734106177153686E-4
1.4734106177153686E-4
1.4734106177153686E-4
1.4734106177153686E-4
1.4734106177153686E-4
1.4734106177153686E-4
1.4734106177153686E-4
1.4734106177153686E-4
1.4734106177153686E-4
1.4734106177153686E-4
1.4734106177153686E-4
1.4734106177153686E-4
1.4734106177153686E-4
1.4734106177153686E-4
1.4734106177153686E-4
1.4734106177153686E-4
1.4734106177153686E-4
1.4734106177153686E-4
