0.016215121396817266
0.0014642289374023677
0.0014642289374023677
0.0014642289374023677
0.0014642289374023677
0.0014642289374023677
0.0
5.294117610901595E-4
0.0014642289374023677
0.0014642289374023677
0.0014642289374023677
0.0010600835899822413
0.0
0.0014642289374023677
0.0014642289374023677
0.0014642289374023677
0.0014642289374023677
0.0014642289374023677
0.0014642289374023677
0.0014642289374023677
0.0014642289374023677
0.0014642289374023677
0.0014642289374023677
0.0014642289374023677
0.0014642289374023677
0.0014642289374023677
0.0014642289374023677
0.0014642289374023677
0.0014642289374023677
0.0014642289374023677
0.0014642289374023677
0.0014642289374023677
0.0014642289374023677
0.0014642289374023677
0.0014642289374023677
0.0014642289374023677
0.0014642289374023677
0.0014642289374023677
0.0014642289374023677
0.0014642289374023677
0.0014642289374023677
0.0014642289374023677
0.0014642289374023677
0.0014642289374023677
0.0014642289374023677
0.0014642289374023677
0.0014642289374023677
0.0014642289374023677
0.0014642289374023677
0.0014642289374023677
0.0014642289374023677
0.0014642289374023677
0.0014642289374023677
0.0014642289374023677
0.0014642289374023677
0.0014642289374023677
0.0014642289374023677
0.0014642289374023677
0.0014642289374023677
0.0014642289374023677
0.0014642289374023677
0.0014642289374023677
0.0014642289374023677
0.0014642289374023677
0.0014642289374023677
0.0014642289374023677
0.0014642289374023677
0.0014642289374023677
0.0014642289374023677
0.0014642289374023677
0.0014642289374023677
0.0014642289374023677
0.0014642289374023677
0.0014642289374023677
0.0014642289374023677
0.0014642289374023677
0.0014642289374023677
0.0014642289374023677
0.0014642289374023677
0.0014642289374023677
0.0014642289374023677
