0.01394198511261493
0.0010767478263005615
0.0010767478263005615
0.0010767478263005615
0.0010767478263005615
0.0010767478263005615
0.0010767478263005615
0.0010767478263005615
0.0
0.0010767478263005615
0.004124300641706213
0.0
0.0010767478263005615
0.0010767478263005615
0.0010767478263005615
0.0010767478263005615
0.0010767478263005615
0.0010767478263005615
0.0010767478263005615
0.0010767478263005615
0.0010767478263005615
0.0010767478263005615
0.0010767478263005615
0.0010767478263005615
0.0010767478263005615
0.0010767478263005615
0.0010767478263005615
0.0010767478263005615
0.0010767478263005615
0.0010767478263005615
0.0010767478263005615
0.0010767478263005615
0.0010767478263005615
0.0010767478263005615
0.0010767478263005615
0.0010767478263005615
0.0010767478263005615
0.0010767478263005615
0.0010767478263005615
0.0010767478263005615
0.0010767478263005615
0.0010767478263005615
0.0010767478263005615
0.0010767478263005615
0.0010767478263005615
0.0010767478263005615
0.0010767478263005615
0.0010767478263005615
0.0010767478263005615
0.0010767478263005615
0.0010767478263005615
0.0010767478263005615
0.0010767478263005615
0.0010767478263005615
0.0010767478263005615
0.0010767478263005615
0.0010767478263005615
0.0010767478263005615
0.0010767478263005615
0.0010767478263005615
0.0010767478263005615
0.0010767478263005615
0.0010767478263005615
0.0010767478263005615
0.0010767478263005615
0.0010767478263005615
0.0010767478263005615
0.0010767478263005615
0.0010767478263005615
0.0010767478263005615
0.0010767478263005615
0.0010767478263005615
0.0010767478263005615
0.0010767478263005615
0.0010767478263005615
0.0010767478263005615
0.0010767478263005615
0.0010767478263005615
0.0010767478263005615
0.0010767478263005615
0.0010767478263005615
