0.016215121396817266
0.0012987012742087245
0.0012987012742087245
0.0012987012742087245
0.0012987012742087245
0.0012987012742087245
0.0012987012742087245
0.0012987012742087245
0.0012987012742087245
0.0012987012742087245
0.0
0.0
0.0
0.0012987012742087245
0.0012987012742087245
0.0012987012742087245
0.0012987012742087245
0.0012987012742087245
0.0012987012742087245
0.0012987012742087245
0.0012987012742087245
0.0012987012742087245
0.0012987012742087245
0.0012987012742087245
0.0012987012742087245
0.0012987012742087245
0.0012987012742087245
0.0012987012742087245
0.0012987012742087245
0.0012987012742087245
0.0012987012742087245
0.0012987012742087245
0.0012987012742087245
0.0012987012742087245
0.0012987012742087245
0.0012987012742087245
0.0012987012742087245
0.0012987012742087245
0.0012987012742087245
0.0012987012742087245
0.0012987012742087245
0.0012987012742087245
0.0012987012742087245
0.0012987012742087245
0.0012987012742087245
0.0012987012742087245
0.0012987012742087245
0.0012987012742087245
0.0012987012742087245
0.0012987012742087245
0.0012987012742087245
0.0012987012742087245
0.0012987012742087245
0.0012987012742087245
0.0012987012742087245
0.0012987012742087245
0.0012987012742087245
0.0012987012742087245
0.0012987012742087245
0.0012987012742087245
0.0012987012742087245
0.0012987012742087245
0.0012987012742087245
0.0012987012742087245
0.0012987012742087245
0.0012987012742087245
0.0012987012742087245
0.0012987012742087245
0.0012987012742087245
0.0012987012742087245
0.0012987012742087245
0.0012987012742087245
0.0012987012742087245
0.0012987012742087245
0.0012987012742087245
0.0012987012742087245
0.0012987012742087245
0.0012987012742087245
0.0012987012742087245
0.0012987012742087245
0.0012987012742087245
