0.016215121396817266
0.001678060437552631
0.001678060437552631
0.001678060437552631
0.001678060437552631
0.001678060437552631
0.001678060437552631
0.001678060437552631
5.294117610901595E-4
0.0
0.001678060437552631
0.0
0.001678060437552631
0.001678060437552631
0.0
0.001678060437552631
0.001678060437552631
0.001678060437552631
0.001678060437552631
0.001678060437552631
0.001678060437552631
0.001678060437552631
0.001678060437552631
0.001678060437552631
0.001678060437552631
0.0
0.0018235294613987208
0.001678060437552631
0.001678060437552631
0.001678060437552631
0.001678060437552631
0.001678060437552631
0.001678060437552631
0.001678060437552631
0.001678060437552631
0.001678060437552631
0.001678060437552631
0.001678060437552631
0.001678060437552631
0.001678060437552631
0.001678060437552631
0.001678060437552631
0.001678060437552631
0.001678060437552631
0.001678060437552631
0.001678060437552631
0.001678060437552631
0.001678060437552631
0.001678060437552631
0.001678060437552631
0.001678060437552631
0.001678060437552631
0.001678060437552631
0.001678060437552631
0.001678060437552631
0.001678060437552631
0.001678060437552631
0.001678060437552631
0.001678060437552631
0.001678060437552631
0.001678060437552631
0.001678060437552631
0.001678060437552631
0.001678060437552631
0.001678060437552631
0.001678060437552631
0.001678060437552631
0.001678060437552631
0.001678060437552631
0.001678060437552631
0.001678060437552631
0.001678060437552631
0.001678060437552631
0.001678060437552631
0.001678060437552631
0.001678060437552631
0.001678060437552631
0.001678060437552631
0.001678060437552631
0.001678060437552631
0.001678060437552631
