0.005923011651369355
9.46219338705608E-5
0.0024526973565419516
0.005923011651369355
9.46219338705608E-5
9.46219338705608E-5
0.002141170855611563
9.46219338705608E-5
9.46219338705608E-5
9.46219338705608E-5
0.047120217606425284
0.0024526973565419516
9.46219338705608E-5
9.46219338705608E-5
9.46219338705608E-5
9.46219338705608E-5
9.46219338705608E-5
9.46219338705608E-5
9.46219338705608E-5
9.46219338705608E-5
9.46219338705608E-5
9.46219338705608E-5
9.46219338705608E-5
9.46219338705608E-5
9.46219338705608E-5
9.46219338705608E-5
9.46219338705608E-5
9.46219338705608E-5
9.46219338705608E-5
9.46219338705608E-5
