0.00896984064214242
5.464993211110899E-4
0.0024526973565419516
0.00896984064214242
0.047120217606425284
8.967816902440972E-5
9.46219338705608E-5
9.46219338705608E-5
9.46219338705608E-5
9.46219338705608E-5
0.006756344935032151
9.46219338705608E-5
9.46219338705608E-5
9.46219338705608E-5
9.46219338705608E-5
9.46219338705608E-5
9.46219338705608E-5
9.46219338705608E-5
9.46219338705608E-5
9.46219338705608E-5
9.46219338705608E-5
9.46219338705608E-5
9.46219338705608E-5
0.0024526973565419516
9.46219338705608E-5
9.46219338705608E-5
9.46219338705608E-5
9.46219338705608E-5
9.46219338705608E-5
9.46219338705608E-5
