0.010015551031877597
0.007762020407487095
2.3735973591101355E-4
2.3735973591101355E-4
2.3735973591101355E-4
2.3735973591101355E-4
2.3735973591101355E-4
2.3735973591101355E-4
2.3735973591101355E-4
2.3735973591101355E-4
2.3735973591101355E-4
2.3735973591101355E-4
2.3735973591101355E-4
2.3735973591101355E-4
2.3735973591101355E-4
2.3735973591101355E-4
2.3735973591101355E-4
2.3735973591101355E-4
2.3735973591101355E-4
2.3735973591101355E-4
2.3735973591101355E-4
2.3735973591101355E-4
2.3735973591101355E-4
2.3735973591101355E-4
2.3735973591101355E-4
2.3735973591101355E-4
2.3735973591101355E-4
2.3735973591101355E-4
2.3735973591101355E-4
2.3735973591101355E-4
