8.967816902440972E-5
9.46219338705608E-5
0.047120217606425284
8.967816902440972E-5
9.46219338705608E-5
9.46219338705608E-5
9.46219338705608E-5
8.737295914518957E-5
9.46219338705608E-5
9.46219338705608E-5
9.46219338705608E-5
9.46219338705608E-5
9.46219338705608E-5
9.46219338705608E-5
9.46219338705608E-5
9.46219338705608E-5
0.08378381303627976
9.46219338705608E-5
9.46219338705608E-5
8.737295914518957E-5
9.46219338705608E-5
9.46219338705608E-5
9.46219338705608E-5
9.46219338705608E-5
9.46219338705608E-5
9.46219338705608E-5
9.46219338705608E-5
9.46219338705608E-5
9.46219338705608E-5
9.46219338705608E-5
