8.513529537594877E-5
9.46219338705608E-5
0.047120217606425284
8.513529537594877E-5
9.46219338705608E-5
9.46219338705608E-5
9.46219338705608E-5
0.002141170855611563
9.46219338705608E-5
9.46219338705608E-5
9.46219338705608E-5
9.46219338705608E-5
9.46219338705608E-5
9.46219338705608E-5
9.46219338705608E-5
9.46219338705608E-5
9.46219338705608E-5
9.46219338705608E-5
9.46219338705608E-5
0.047120217606425284
9.46219338705608E-5
9.46219338705608E-5
9.46219338705608E-5
9.46219338705608E-5
9.46219338705608E-5
9.46219338705608E-5
9.46219338705608E-5
9.46219338705608E-5
9.46219338705608E-5
9.46219338705608E-5
