0.047120217606425284
2.3735973591101355E-4
2.3735973591101355E-4
2.3735973591101355E-4
2.3735973591101355E-4
2.3735973591101355E-4
2.3735973591101355E-4
2.3735973591101355E-4
2.3735973591101355E-4
2.3735973591101355E-4
2.3735973591101355E-4
2.3735973591101355E-4
2.3735973591101355E-4
2.3735973591101355E-4
2.3735973591101355E-4
2.3735973591101355E-4
2.3735973591101355E-4
2.3735973591101355E-4
2.3735973591101355E-4
2.3735973591101355E-4
2.3735973591101355E-4
2.3735973591101355E-4
2.3735973591101355E-4
2.3735973591101355E-4
2.3735973591101355E-4
2.3735973591101355E-4
2.3735973591101355E-4
2.3735973591101355E-4
2.3735973591101355E-4
2.3735973591101355E-4
