8.967816902440972E-5
9.46219338705608E-5
0.048266723131140075
8.967816902440972E-5
9.46219338705608E-5
9.46219338705608E-5
0.002141170855611563
9.46219338705608E-5
9.46219338705608E-5
9.46219338705608E-5
8.967816902440972E-5
9.46219338705608E-5
9.46219338705608E-5
2.584814210422337E-5
0.048266723131140075
9.46219338705608E-5
9.46219338705608E-5
9.46219338705608E-5
9.46219338705608E-5
9.46219338705608E-5
9.46219338705608E-5
9.46219338705608E-5
9.46219338705608E-5
9.46219338705608E-5
9.46219338705608E-5
9.46219338705608E-5
9.46219338705608E-5
9.46219338705608E-5
9.46219338705608E-5
9.46219338705608E-5
