8.513529537594877E-5
9.46219338705608E-5
0.048566980535785356
8.513529537594877E-5
9.46219338705608E-5
9.46219338705608E-5
9.46219338705608E-5
0.002141170855611563
9.46219338705608E-5
9.46219338705608E-5
9.46219338705608E-5
9.46219338705608E-5
9.46219338705608E-5
9.46219338705608E-5
9.46219338705608E-5
9.46219338705608E-5
9.46219338705608E-5
8.967816902440972E-5
9.46219338705608E-5
9.46219338705608E-5
3.0391015752684324E-5
0.048566980535785356
9.46219338705608E-5
9.46219338705608E-5
9.46219338705608E-5
9.46219338705608E-5
9.46219338705608E-5
9.46219338705608E-5
9.46219338705608E-5
9.46219338705608E-5
