9.46219338705608E-5
9.46219338705608E-5
0.012179322820156813
9.46219338705608E-5
9.46219338705608E-5
9.46219338705608E-5
9.46219338705608E-5
8.967816902440972E-5
9.46219338705608E-5
9.46219338705608E-5
9.46219338705608E-5
9.46219338705608E-5
9.46219338705608E-5
9.46219338705608E-5
9.46219338705608E-5
9.46219338705608E-5
9.46219338705608E-5
0.07108702783783277
9.46219338705608E-5
9.231672399134065E-5
9.46219338705608E-5
9.46219338705608E-5
9.46219338705608E-5
9.46219338705608E-5
9.46219338705608E-5
9.46219338705608E-5
9.46219338705608E-5
9.46219338705608E-5
9.46219338705608E-5
9.46219338705608E-5
