8.967816902440972E-5
9.46219338705608E-5
0.0024526973565419516
8.967816902440972E-5
9.46219338705608E-5
9.46219338705608E-5
8.283008549672863E-5
9.46219338705608E-5
9.46219338705608E-5
9.46219338705608E-5
0.002430882347592463
9.46219338705608E-5
8.967816902440972E-5
0.016740855044918134
0.047120217606425284
0.0024526973565419516
9.46219338705608E-5
9.46219338705608E-5
9.46219338705608E-5
9.46219338705608E-5
9.46219338705608E-5
9.46219338705608E-5
9.46219338705608E-5
9.46219338705608E-5
9.46219338705608E-5
9.46219338705608E-5
9.46219338705608E-5
9.46219338705608E-5
9.46219338705608E-5
9.46219338705608E-5
