0.5201239017499931
0.5199628407432877
0.5201384180769744
0.519764393458506
0.5197129065952638
0.5201504533692692
0.5200666259310914
0.5201766529767381
0.5202091700101542
0.5202157953780787
0.5202721757842292
0.5202850459589207
0.520225366701807
0.5196840878817626
0.5203059192861419
0.5196951587706651
0.5196933451396103
0.520325842825222
0.5202484268031788
0.5202484268031788
0.5203333000334489
0.5202463271559333
0.5202463271559333
0.5203439452510273
0.5203187300263161
0.5202247966143961
0.5203187300263161
0.5203187300263161
0.5201240513046986
0.5201331930522846
0.5199680890620229
0.5201240513046986
0.5200211095383758
0.5197048975980946
0.5201240513046986
0.5202650024580011
0.5196740028595795
0.5201240513046986
0.5202278579499229
0.5196781347026141
0.5201240513046986
0.520304444337597
0.5202443738260492
0.5201240513046986
0.5203379517643816
0.5197074771554547
0.5201240513046986
0.5203200223318883
0.5197198204427271
0.5201240513046986
0.5203530805546626
0.5202247966143961
0.5201240513046986
0.5201240513046986
0.5208106881003286
0.5201240513046986
0.5201703137176746
0.5201240513046986
0.5201240513046986
0.5201672544423489
0.5201240513046986
0.5201240513046986
0.5202216009711355
0.5201240513046986
0.5201240513046986
0.5202410888279282
0.5201240513046986
0.5201240513046986
0.5203106301082255
0.5201240513046986
0.5201240513046986
0.5203225749314115
0.5201240513046986
0.5201240513046986
0.5203200223318883
0.5201240513046986
0.5201240513046986
0.5203187300263161
0.5201240513046986
0.5201240513046986
0.5208106881003286
0.5201240513046986
0.5201240513046986
0.5201240513046986
0.5201240513046986
0.5201240513046986
0.5201240513046986
0.5201240513046986
0.5201240513046986
0.5201240513046986
0.5201240513046986
0.5201240513046986
0.5201240513046986
0.5201240513046986
0.5201240513046986
0.5201240513046986
0.5201240513046986
0.5201240513046986
0.5201240513046986
0.5201240513046986
0.5201240513046986
0.5201240513046986
0.5201240513046986
0.5201240513046986
0.5201240513046986
0.5201240513046986
0.5201240513046986
0.5201240513046986
0.5201240513046986
0.5201240513046986
0.5201240513046986
0.5201240513046986
0.5201240513046986
0.5201240513046986
0.5201240513046986
0.5201240513046986
0.5201240513046986
0.5201240513046986
0.5201240513046986
0.5201240513046986
0.5201240513046986
0.5201240513046986
0.5201240513046986
0.5201240513046986
0.5201240513046986
0.5201240513046986
0.5201240513046986
0.5201240513046986
0.5201240513046986
0.5201240513046986
0.5201240513046986
0.5201240513046986
0.5201240513046986
0.5201240513046986
0.5201240513046986
0.5201240513046986
0.5201240513046986
0.5201240513046986
0.5201240513046986
0.5201240513046986
0.5201240513046986
0.5201240513046986
0.5201240513046986
0.5201240513046986
0.5201240513046986
0.5201240513046986
0.5201240513046986
0.5201240513046986
0.5201240513046986
0.5201240513046986
0.5201240513046986
0.5201240513046986
0.5201240513046986
0.5201240513046986
0.5201240513046986
0.5201240513046986
0.5201240513046986
0.5201240513046986
0.5201240513046986
0.5201240513046986
0.5201240513046986
0.5201240513046986
0.5201240513046986
0.5201240513046986
0.5201240513046986
0.5201240513046986
0.5201240513046986
0.5201240513046986
0.5201240513046986
0.5201240513046986
0.5201240513046986
0.5201240513046986
0.5201240513046986
0.5201240513046986
0.5201240513046986
0.5201240513046986
0.5201240513046986
0.5201240513046986
0.5201240513046986
0.5201240513046986
0.5201240513046986
0.5201240513046986
0.5201240513046986
0.5201240513046986
0.5201240513046986
0.5201240513046986
0.5201240513046986
0.5201240513046986
0.5201240513046986
0.5201240513046986
0.5201240513046986
0.5201240513046986
0.5201240513046986
0.5201240513046986
0.5201240513046986
0.5201240513046986
0.5201240513046986
0.5201240513046986
0.5201240513046986
0.5201240513046986
0.5201240513046986
0.5201240513046986
0.5201240513046986
0.5201240513046986
0.5201240513046986
0.5201240513046986
0.5201240513046986
0.5201240513046986
0.5201240513046986
0.5201240513046986
0.5201240513046986
0.5201240513046986
0.5201240513046986
0.5201240513046986
0.5201240513046986
0.5201240513046986
0.5201240513046986
0.5201240513046986
0.5201240513046986
0.5201240513046986
0.5201240513046986
0.5201240513046986
0.5201240513046986
0.5201240513046986
