0.5201250870557381
0.5199638334172304
0.5201396538668882
0.519765278366298
0.5197133370923366
0.5201618354149741
0.5201053238611894
0.520193365131991
0.5202331853465099
0.5202482169256175
0.5202845929928313
0.5202954523186678
0.5202316476805849
0.5196870401802283
0.5203119322416032
0.5197039756897442
0.5196988773199713
0.5203264458032397
0.5202497835537757
0.5202492704583304
0.5203386742423496
0.520249408921888
0.520249408921888
0.5203386742423496
0.5203200747477685
0.5202261639323592
0.5203200747477685
0.5203200747477685
0.5201253554322649
0.5201344248855063
0.5199690897054239
0.5201253554322649
0.5200211095383758
0.5196951943639769
0.5201253554322649
0.520268645671815
0.5196746227742498
0.5201253554322649
0.5202353218020681
0.5196810606799995
0.5201253554322649
0.5203079332060359
0.5202457146092933
0.5201253554322649
0.5203447289652563
0.5197144955497458
0.5201253554322649
0.5203200747477685
0.5197144955497458
0.5201253554322649
0.5203539560733528
0.5202261639323592
0.5201253554322649
0.5201253554322649
0.5208120257995243
0.5201253554322649
0.5201715728155755
0.5201253554322649
0.5201253554322649
0.5201673815298404
0.5201253554322649
0.5201253554322649
0.5202266764399585
0.5201253554322649
0.5201253554322649
0.5202412735127421
0.5201253554322649
0.5201253554322649
0.5203134436637157
0.5201253554322649
0.5201253554322649
0.5203169549383672
0.5201253554322649
0.5201253554322649
0.5203220291206443
0.5201253554322649
0.5201253554322649
0.5203200747477685
0.5201253554322649
0.5201253554322649
0.5208120257995243
0.5201253554322649
0.5201253554322649
0.5201253554322649
0.5201253554322649
0.5201253554322649
0.5201253554322649
0.5201253554322649
0.5201253554322649
0.5201253554322649
0.5201253554322649
0.5201253554322649
0.5201253554322649
0.5201253554322649
0.5201253554322649
0.5201253554322649
0.5201253554322649
0.5201253554322649
0.5201253554322649
0.5201253554322649
0.5201253554322649
0.5201253554322649
0.5201253554322649
0.5201253554322649
0.5201253554322649
0.5201253554322649
0.5201253554322649
0.5201253554322649
0.5201253554322649
0.5201253554322649
0.5201253554322649
0.5201253554322649
0.5201253554322649
0.5201253554322649
0.5201253554322649
0.5201253554322649
0.5201253554322649
0.5201253554322649
0.5201253554322649
0.5201253554322649
0.5201253554322649
0.5201253554322649
0.5201253554322649
0.5201253554322649
0.5201253554322649
0.5201253554322649
0.5201253554322649
0.5201253554322649
0.5201253554322649
0.5201253554322649
0.5201253554322649
0.5201253554322649
0.5201253554322649
0.5201253554322649
0.5201253554322649
0.5201253554322649
0.5201253554322649
0.5201253554322649
0.5201253554322649
0.5201253554322649
0.5201253554322649
0.5201253554322649
0.5201253554322649
0.5201253554322649
0.5201253554322649
0.5201253554322649
0.5201253554322649
0.5201253554322649
0.5201253554322649
0.5201253554322649
0.5201253554322649
0.5201253554322649
0.5201253554322649
0.5201253554322649
0.5201253554322649
0.5201253554322649
0.5201253554322649
0.5201253554322649
0.5201253554322649
0.5201253554322649
0.5201253554322649
0.5201253554322649
0.5201253554322649
0.5201253554322649
0.5201253554322649
0.5201253554322649
0.5201253554322649
0.5201253554322649
0.5201253554322649
0.5201253554322649
0.5201253554322649
0.5201253554322649
0.5201253554322649
0.5201253554322649
0.5201253554322649
0.5201253554322649
0.5201253554322649
0.5201253554322649
0.5201253554322649
0.5201253554322649
0.5201253554322649
0.5201253554322649
0.5201253554322649
0.5201253554322649
0.5201253554322649
0.5201253554322649
0.5201253554322649
0.5201253554322649
0.5201253554322649
0.5201253554322649
0.5201253554322649
0.5201253554322649
0.5201253554322649
0.5201253554322649
0.5201253554322649
0.5201253554322649
0.5201253554322649
0.5201253554322649
0.5201253554322649
0.5201253554322649
0.5201253554322649
0.5201253554322649
0.5201253554322649
0.5201253554322649
0.5201253554322649
0.5201253554322649
0.5201253554322649
0.5201253554322649
0.5201253554322649
0.5201253554322649
0.5201253554322649
0.5201253554322649
0.5201253554322649
0.5201253554322649
0.5201253554322649
0.5201253554322649
0.5201253554322649
0.5201253554322649
0.5201253554322649
0.5201253554322649
0.5201253554322649
0.5201253554322649
0.5201253554322649
0.5201253554322649
