0.5201239017499931
0.5199628407432877
0.5201384180769744
0.519764393458506
0.5197129065952638
0.5201617146794391
0.5201042330050845
0.5201920887195407
0.5202329628359631
0.5202470246982382
0.5202833558860012
0.52029505469491
0.5202303313782278
0.5196874410741176
0.5203106301082255
0.5197044406997335
0.5196993284751993
0.520325842825222
0.5202485759648403
0.5202484268031788
0.5203379517643816
0.5202463271559333
0.5202463271559333
0.5203439452510273
0.5203187300263161
0.5202247966143961
0.5203187300263161
0.5201240513046986
0.5201240513046986
0.5201331930522846
0.5199680890620229
0.5201240513046986
0.5200211095383758
0.5196949604180034
0.5201240513046986
0.5202674309538591
0.5196748762516376
0.5201240513046986
0.5202340002019159
0.5196814177851852
0.5201240513046986
0.5203074703152657
0.5202443738260492
0.5201240513046986
0.5203439452510273
0.5197149811970805
0.5201240513046986
0.5203187300263161
0.5197198204427271
0.5201240513046986
0.5203530805546626
0.5202247966143961
0.5201240513046986
0.5201240513046986
0.5208106881003286
0.5203187300263161
0.5201703137176746
0.5201240513046986
0.5201240513046986
0.5201672544423489
0.5201240513046986
0.5201240513046986
0.520225366701807
0.5201240513046986
0.5201240513046986
0.5202399421763525
0.5201240513046986
0.5201240513046986
0.5203121354202213
0.5201240513046986
0.5201240513046986
0.5203164310577553
0.5201240513046986
0.5201240513046986
0.520320667635113
0.5201240513046986
0.5201240513046986
0.5203187300263161
0.5201240513046986
0.5201240513046986
0.5208106881003286
0.5201240513046986
0.5201240513046986
0.5201240513046986
0.5201240513046986
0.5201240513046986
0.5201240513046986
0.5201240513046986
0.5201240513046986
0.5201240513046986
0.5201240513046986
0.5201240513046986
0.5201240513046986
0.5201240513046986
0.5201240513046986
0.5201240513046986
0.5201240513046986
0.5201240513046986
0.5201240513046986
0.5201240513046986
0.5201240513046986
0.5201240513046986
0.5201240513046986
0.5201240513046986
0.5201240513046986
0.5201240513046986
0.5201240513046986
0.5201240513046986
0.5201240513046986
0.5201240513046986
0.5201240513046986
0.5201240513046986
0.5201240513046986
0.5201240513046986
0.5201240513046986
0.5201240513046986
0.5201240513046986
0.5201240513046986
0.5201240513046986
0.5201240513046986
0.5201240513046986
0.5201240513046986
0.5201240513046986
0.5201240513046986
0.5201240513046986
0.5201240513046986
0.5201240513046986
0.5201240513046986
0.5201240513046986
0.5201240513046986
0.5201240513046986
0.5201240513046986
0.5201240513046986
0.5201240513046986
0.5201240513046986
0.5201240513046986
0.5201240513046986
0.5201240513046986
0.5201240513046986
0.5201240513046986
0.5201240513046986
0.5201240513046986
0.5201240513046986
0.5201240513046986
0.5201240513046986
0.5201240513046986
0.5201240513046986
0.5201240513046986
0.5201240513046986
0.5201240513046986
0.5201240513046986
0.5201240513046986
0.5201240513046986
0.5201240513046986
0.5201240513046986
0.5201240513046986
0.5201240513046986
0.5201240513046986
0.5201240513046986
0.5201240513046986
0.5201240513046986
0.5201240513046986
0.5201240513046986
0.5201240513046986
0.5201240513046986
0.5201240513046986
0.5201240513046986
0.5201240513046986
0.5201240513046986
0.5201240513046986
0.5201240513046986
0.5201240513046986
0.5201240513046986
0.5201240513046986
0.5201240513046986
0.5201240513046986
0.5201240513046986
0.5201240513046986
0.5201240513046986
0.5201240513046986
0.5201240513046986
0.5201240513046986
0.5201240513046986
0.5201240513046986
0.5201240513046986
0.5201240513046986
0.5201240513046986
0.5201240513046986
0.5201240513046986
0.5201240513046986
0.5201240513046986
0.5201240513046986
0.5201240513046986
0.5201240513046986
0.5201240513046986
0.5201240513046986
0.5201240513046986
0.5201240513046986
0.5201240513046986
0.5201240513046986
0.5201240513046986
0.5201240513046986
0.5201240513046986
0.5201240513046986
0.5201240513046986
0.5201240513046986
0.5201240513046986
0.5201240513046986
0.5201240513046986
0.5201240513046986
0.5201240513046986
0.5201240513046986
0.5201240513046986
0.5201240513046986
0.5201240513046986
0.5201240513046986
0.5201240513046986
0.5201240513046986
0.5201240513046986
0.5201240513046986
0.5201240513046986
0.5201240513046986
0.5201240513046986
0.5201240513046986
