0.5201273286805778
0.5199566577273488
0.520038044126057
0.5197658353718737
0.5197146676538323
0.5201516820445106
0.520058899546993
0.520151021653047
0.5202305398710664
0.5201869088446339
0.5202235350062381
0.5203207696744018
0.5202259115302109
0.5196916353625393
0.5202592587862798
0.5197104388682942
0.5197046888539752
0.5203362859598865
0.5202696951559249
0.5202057735568634
0.5203507997924922
0.5202750496773467
0.5202750496773467
0.5201406401970582
0.5202734027657953
0.520258485144796
0.5202734027657953
0.5203465688009824
0.5201406401970582
0.5200264812365445
0.5199610664604125
0.5201406401970582
0.5199970167199182
0.519696919728571
0.5201406401970582
0.5202066906582667
0.5196778931852941
0.5201406401970582
0.5202330096852454
0.5202093481269875
0.5201406401970582
0.5203145824447696
0.5202543608434994
0.5201406401970582
0.520357912414717
0.5197228146326562
0.5201406401970582
0.5203465688009824
0.5197289266286416
0.5201406401970582
0.5205955547381295
0.5202734027657953
0.5201406401970582
0.5201406401970582
0.5205955547381295
0.5201406401970582
0.5201063169929471
0.5201406401970582
0.5201406401970582
0.5201577953066387
0.5201406401970582
0.5201406401970582
0.5202059925333448
0.5201406401970582
0.5201406401970582
0.520244807307503
0.5201406401970582
0.5201406401970582
0.5202617618118539
0.5201406401970582
0.5201406401970582
0.5203250837550505
0.5201406401970582
0.5201406401970582
0.5202734027657953
0.5201406401970582
0.5201406401970582
0.5207413262479461
0.5201406401970582
0.5201406401970582
0.5205955547381295
0.5201406401970582
0.5201406401970582
0.5205955547381295
0.5201406401970582
0.5201406401970582
0.5201406401970582
0.5201406401970582
0.5201406401970582
0.5201406401970582
0.5201406401970582
0.5201406401970582
0.5201406401970582
0.5201406401970582
0.5201406401970582
0.5201406401970582
0.5201406401970582
0.5201406401970582
0.5201406401970582
0.5201406401970582
0.5201406401970582
0.5201406401970582
0.5201406401970582
0.5201406401970582
0.5201406401970582
0.5201406401970582
0.5201406401970582
0.5203465688009824
0.5201406401970582
0.5201406401970582
0.5201406401970582
0.5201406401970582
0.5201406401970582
0.5201406401970582
0.5201406401970582
0.5201406401970582
0.5201406401970582
0.5201406401970582
0.5201406401970582
0.5201406401970582
0.5201406401970582
0.5201406401970582
0.5201406401970582
0.5201406401970582
0.5201406401970582
0.5201406401970582
0.5201406401970582
0.5201406401970582
0.5201406401970582
0.5201406401970582
0.5201406401970582
0.5201406401970582
0.5201406401970582
0.5201406401970582
0.5201406401970582
0.5201406401970582
0.5201406401970582
0.5201406401970582
0.5201406401970582
0.5201406401970582
0.5201406401970582
0.5201406401970582
0.5201406401970582
0.5201406401970582
0.5201406401970582
0.5201406401970582
0.5201406401970582
0.5201406401970582
0.5201406401970582
0.5201406401970582
0.5201406401970582
0.5201406401970582
0.5201406401970582
0.5201406401970582
0.5201406401970582
0.5201406401970582
0.5201406401970582
0.5201406401970582
0.5201406401970582
0.5201406401970582
0.5201406401970582
0.5201406401970582
0.5201406401970582
0.5201406401970582
0.5201406401970582
0.5201406401970582
0.5201406401970582
0.5201406401970582
0.5201406401970582
0.5201406401970582
0.5201406401970582
0.5201406401970582
0.5201406401970582
0.5201406401970582
0.5201406401970582
0.5201406401970582
0.5201406401970582
0.5201406401970582
0.5201406401970582
0.5201406401970582
0.5201406401970582
0.5201406401970582
0.5201406401970582
0.5201406401970582
0.5201406401970582
0.5201406401970582
0.5201406401970582
0.5201406401970582
0.5201406401970582
0.5201406401970582
0.5201406401970582
0.5201406401970582
0.5201406401970582
0.5201406401970582
0.5201406401970582
0.5201406401970582
0.5201406401970582
0.5201406401970582
0.5201406401970582
0.5201406401970582
0.5201406401970582
0.5201406401970582
0.5201406401970582
0.5201406401970582
0.5201406401970582
0.5201406401970582
0.5201406401970582
0.5201406401970582
0.5201406401970582
0.5201406401970582
0.5201406401970582
0.5201406401970582
0.5201406401970582
0.5201406401970582
0.5201406401970582
0.5201406401970582
0.5201406401970582
0.5201406401970582
0.5201406401970582
0.5201406401970582
0.5201406401970582
0.5201406401970582
0.5201406401970582
0.5201406401970582
