0.5200857891008669
0.519936350626921
0.5201143281488217
0.5197668441855959
0.5197163119510285
0.5201958855115516
0.5200709707765954
0.5201786060447138
0.5202342820452955
0.5202012005830007
0.5202516439716923
0.5202724145521923
0.5202281002104449
0.5196907545841145
0.5202539650969504
0.5197063422885767
0.5197017284832373
0.5202966584672385
0.5197195831949679
0.5202670604267565
0.5203074148364919
0.5197390139032505
0.5202689651828499
0.5200865410203147
0.5203205340947652
0.5202689651828499
0.5202689651828499
0.5203205340947652
0.5200865410203147
0.5196981105542502
0.5200743469538093
0.5200865410203147
0.5201250530085809
0.5196987152362084
0.5200865410203147
0.5202144619304524
0.5196789234754455
0.5200865410203147
0.5196885826437282
0.5196850997724125
0.5200865410203147
0.5202814863681269
0.5202499980719647
0.5200865410203147
0.5203126869526311
0.5197155483955825
0.5200865410203147
0.5202689651828499
0.5197390139032505
0.5200865410203147
0.5200865410203147
0.5202689651828499
0.5200865410203147
0.5200865410203147
0.5200865410203147
0.5200865410203147
0.5201522399922112
0.5200865410203147
0.5200865410203147
0.5201987783208818
0.5200865410203147
0.5200865410203147
0.5196830961360174
0.5200865410203147
0.5200865410203147
0.5202424059846996
0.5200865410203147
0.5200865410203147
0.5202560033057715
0.5200865410203147
0.5200865410203147
0.5202886178153091
0.5200865410203147
0.5200865410203147
0.5203074148364919
0.5200865410203147
0.5200865410203147
0.5200865410203147
0.5200865410203147
0.5200865410203147
0.5207413887960483
0.5200865410203147
0.5200865410203147
0.5200865410203147
0.5200865410203147
0.5200865410203147
0.5200865410203147
0.5200865410203147
0.5200865410203147
0.5200865410203147
0.5200865410203147
0.5200865410203147
0.5200865410203147
0.5200865410203147
0.5200865410203147
0.5200865410203147
0.5200865410203147
0.5200865410203147
0.5200865410203147
0.5200865410203147
0.5200865410203147
0.5200865410203147
0.5200865410203147
0.5200865410203147
0.5200865410203147
0.5200865410203147
0.5200865410203147
0.5200865410203147
0.5200865410203147
0.5200865410203147
0.5200865410203147
0.5200865410203147
0.5200865410203147
0.5200865410203147
0.5200865410203147
0.5200865410203147
0.5200865410203147
0.5200865410203147
0.5200865410203147
0.5200865410203147
0.5200865410203147
0.5200865410203147
0.5200865410203147
0.5200865410203147
0.5200865410203147
0.5200865410203147
0.5200865410203147
0.5200865410203147
0.5200865410203147
0.5200865410203147
0.5200865410203147
0.5200865410203147
0.5200865410203147
0.5200865410203147
0.5200865410203147
0.5200865410203147
0.5200865410203147
0.5200865410203147
0.5200865410203147
0.5200865410203147
0.5200865410203147
0.5200865410203147
0.5200865410203147
0.5200865410203147
0.5200865410203147
0.5200865410203147
0.5200865410203147
0.5200865410203147
0.5200865410203147
0.5200865410203147
0.5200865410203147
0.5200865410203147
0.5200865410203147
0.5200865410203147
0.5200865410203147
0.5200865410203147
0.5200865410203147
0.5200865410203147
0.5200865410203147
0.5200865410203147
0.5200865410203147
0.5200865410203147
0.5200865410203147
0.5200865410203147
0.5200865410203147
0.5200865410203147
0.5200865410203147
0.5200865410203147
0.5200865410203147
0.5200865410203147
0.5200865410203147
0.5200865410203147
0.5200865410203147
0.5200865410203147
0.5200865410203147
0.5200865410203147
0.5200865410203147
0.5200865410203147
0.5200865410203147
0.5200865410203147
0.5200865410203147
0.5200865410203147
0.5200865410203147
0.5200865410203147
0.5200865410203147
0.5200865410203147
0.5200865410203147
0.5200865410203147
0.5200865410203147
0.5200865410203147
0.5200865410203147
0.5200865410203147
0.5200865410203147
0.5200865410203147
0.5200865410203147
0.5200865410203147
0.5200865410203147
0.5200865410203147
0.5200865410203147
0.5200865410203147
0.5200865410203147
0.5200865410203147
0.5200865410203147
0.5200865410203147
0.5200865410203147
0.5200865410203147
0.5200865410203147
0.5200865410203147
0.5200865410203147
0.5200865410203147
0.5200865410203147
0.5200865410203147
0.5200865410203147
0.5200865410203147
0.5200865410203147
0.5200865410203147
0.5200865410203147
0.5200865410203147
0.5200865410203147
0.5200865410203147
0.5200865410203147
0.5200865410203147
0.5200865410203147
0.5200865410203147
