0.5201239017499931
0.5199628407432877
0.5201384180769744
0.519764393458506
0.5197129065952638
0.5201617146794391
0.5201042330050845
0.5201907959516869
0.5202374803189047
0.5202575013771332
0.5202895734693738
0.5202982456665716
0.5202340002019159
0.519691682530664
0.5203106301082255
0.5197109450066757
0.5196993284751993
0.5203293627016408
0.5202485759648403
0.5202484268031788
0.5203379517643816
0.5202463271559333
0.5202463271559333
0.5203439452510273
0.5203187300263161
0.5202247966143961
0.5203187300263161
0.5203187300263161
0.5201240513046986
0.5201331930522846
0.5199680890620229
0.5201240513046986
0.5200211095383758
0.5196949604180034
0.5201240513046986
0.5202698218101356
0.5196751037269041
0.5201240513046986
0.5202364090074523
0.5196851210026373
0.5201240513046986
0.5203104637832214
0.5202479175977959
0.5201240513046986
0.5201240513046986
0.5197149811970805
0.5201240513046986
0.5203187300263161
0.5197198204427271
0.5201240513046986
0.5203530805546626
0.5202247966143961
0.5201240513046986
0.5201240513046986
0.5208106881003286
0.5201240513046986
0.5201703137176746
0.5201240513046986
0.5201240513046986
0.5201672544423489
0.5201240513046986
0.5201240513046986
0.520225366701807
0.5201240513046986
0.5201240513046986
0.5202399421763525
0.5201240513046986
0.5201240513046986
0.5203150934601228
0.5201240513046986
0.5201240513046986
0.5203225749314115
0.5201240513046986
0.5201240513046986
0.520320667635113
0.5201240513046986
0.5201240513046986
0.5203187300263161
0.5201240513046986
0.5201240513046986
0.5208106881003286
0.5201240513046986
0.5201240513046986
0.5201240513046986
0.5201240513046986
0.5201240513046986
0.5201240513046986
0.5201240513046986
0.5201240513046986
0.5201240513046986
0.5201240513046986
0.5201240513046986
0.5201240513046986
0.5201240513046986
0.5201240513046986
0.5201240513046986
0.5201240513046986
0.5201240513046986
0.5201240513046986
0.5201240513046986
0.5201240513046986
0.5201240513046986
0.5201240513046986
0.5201240513046986
0.5201240513046986
0.5201240513046986
0.5201240513046986
0.5201240513046986
0.5201240513046986
0.5201240513046986
0.5201240513046986
0.5201240513046986
0.5201240513046986
0.5201240513046986
0.5201240513046986
0.5201240513046986
0.5201240513046986
0.5201240513046986
0.5201240513046986
0.5201240513046986
0.5201240513046986
0.5201240513046986
0.5201240513046986
0.5201240513046986
0.5201240513046986
0.5201240513046986
0.5201240513046986
0.5201240513046986
0.5201240513046986
0.5201240513046986
0.5201240513046986
0.5201240513046986
0.5201240513046986
0.5201240513046986
0.5201240513046986
0.5201240513046986
0.5201240513046986
0.5201240513046986
0.5201240513046986
0.5201240513046986
0.5201240513046986
0.5201240513046986
0.5201240513046986
0.5201240513046986
0.5201240513046986
0.5201240513046986
0.5201240513046986
0.5201240513046986
0.5201240513046986
0.5201240513046986
0.5201240513046986
0.5201240513046986
0.5201240513046986
0.5201240513046986
0.5201240513046986
0.5201240513046986
0.5201240513046986
0.5201240513046986
0.5201240513046986
0.5201240513046986
0.5201240513046986
0.5201240513046986
0.5201240513046986
0.5201240513046986
0.5201240513046986
0.5201240513046986
0.5201240513046986
0.5201240513046986
0.5201240513046986
0.5201240513046986
0.5201240513046986
0.5201240513046986
0.5201240513046986
0.5201240513046986
0.5201240513046986
0.5201240513046986
0.5201240513046986
0.5201240513046986
0.5201240513046986
0.5201240513046986
0.5201240513046986
0.5201240513046986
0.5201240513046986
0.5201240513046986
0.5201240513046986
0.5201240513046986
0.5201240513046986
0.5201240513046986
0.5201240513046986
0.5201240513046986
0.5201240513046986
0.5201240513046986
0.5201240513046986
0.5201240513046986
0.5201240513046986
0.5201240513046986
0.5201240513046986
0.5201240513046986
0.5201240513046986
0.5201240513046986
0.5201240513046986
0.5201240513046986
0.5201240513046986
0.5201240513046986
0.5201240513046986
0.5201240513046986
0.5201240513046986
0.5201240513046986
0.5201240513046986
0.5201240513046986
0.5201240513046986
0.5201240513046986
0.5201240513046986
0.5201240513046986
0.5201240513046986
0.5201240513046986
0.5201240513046986
0.5201240513046986
0.5201240513046986
0.5201240513046986
0.5201240513046986
0.5201240513046986
0.5201240513046986
0.5201240513046986
