0.024280303965012233
9.352617120991151E-4
9.352617120991151E-4
9.352617120991151E-4
9.352617120991151E-4
9.352617120991151E-4
9.352617120991151E-4
9.352617120991151E-4
9.352617120991151E-4
9.352617120991151E-4
9.352617120991151E-4
9.352617120991151E-4
9.352617120991151E-4
9.352617120991151E-4
9.352617120991151E-4
9.352617120991151E-4
9.352617120991151E-4
9.352617120991151E-4
9.352617120991151E-4
9.352617120991151E-4
9.352617120991151E-4
9.352617120991151E-4
9.352617120991151E-4
9.352617120991151E-4
9.352617120991151E-4
0.024280303965012233
9.352617120991151E-4
9.352617120991151E-4
9.352617120991151E-4
9.352617120991151E-4
9.352617120991151E-4
9.352617120991151E-4
9.352617120991151E-4
9.352617120991151E-4
9.352617120991151E-4
9.352617120991151E-4
9.352617120991151E-4
9.352617120991151E-4
9.352617120991151E-4
9.352617120991151E-4
9.352617120991151E-4
9.352617120991151E-4
9.352617120991151E-4
9.352617120991151E-4
9.352617120991151E-4
9.352617120991151E-4
9.352617120991151E-4
9.352617120991151E-4
9.352617120991151E-4
9.352617120991151E-4
9.352617120991151E-4
9.352617120991151E-4
9.352617120991151E-4
9.352617120991151E-4
9.352617120991151E-4
9.352617120991151E-4
9.352617120991151E-4
