0.4723912091571259
0.4606986144340108
0.4606986144340108
0.4606986144340108
0.4606986144340108
0.4606986144340108
0.4606986144340108
0.4606986144340108
0.4606986144340108
0.4606986144340108
0.4606986144340108
0.4606986144340108
0.4606986144340108
0.4606986144340108
0.4606986144340108
0.4606986144340108
0.4606986144340108
0.4606986144340108
0.4606986144340108
0.4606986144340108
0.4606986144340108
0.4606986144340108
0.4606986144340108
0.4606986144340108
0.4606986144340108
0.4723912091571259
0.4606986144340108
0.4606986144340108
0.4606986144340108
0.4606986144340108
0.4606986144340108
0.4606986144340108
0.4606986144340108
0.4606986144340108
0.4606986144340108
0.4606986144340108
0.4606986144340108
0.4606986144340108
0.4606986144340108
0.4606986144340108
0.4606986144340108
0.4606986144340108
0.4606986144340108
0.4606986144340108
0.4606986144340108
0.4606986144340108
0.4606986144340108
0.4606986144340108
0.4606986144340108
0.4606986144340108
0.4606986144340108
0.4606986144340108
0.4606986144340108
0.4606986144340108
0.4606986144340108
0.4606986144340108
0.4606986144340108
