6.874030455946923E-4
3.7225044022003807E-4
1.7606988937283555E-4
0.0
0.0010229006176814437
1.2510148420309027E-4
5.660377442836762E-4
3.476244358656307E-4
1.2510148420309027E-4
1.2510148420309027E-4
1.4195433080506822E-4
1.2510148420309027E-4
0.0
0.0
3.893401008099317E-5
0.0
0.0
3.8837010700566076E-4
0.0
0.0
6.970120846138646E-4
0.0
0.0
2.403979131486267E-4
0.0
0.0
0.0
0.0
1.5642055271503826E-4
0.0012963354781580468
0.04393427251682927
1.5642055271503826E-4
1.2510148420309027E-4
0.0
1.5642055271503826E-4
2.0416273230997224E-4
0.0
1.5642055271503826E-4
0.0
0.0
1.5642055271503826E-4
2.0416273230997224E-4
0.0
1.5642055271503826E-4
0.0017762052089286347
0.0067320278147235514
1.5642055271503826E-4
1.2033694656565785E-5
6.536104871580998E-5
1.5642055271503826E-4
2.68223121141394E-4
0.0
1.5642055271503826E-4
1.5642055271503826E-4
0.0
1.5642055271503826E-4
3.476244358656307E-4
1.5642055271503826E-4
1.5642055271503826E-4
1.2510148420309027E-4
1.5642055271503826E-4
1.5642055271503826E-4
0.0
1.5642055271503826E-4
1.5642055271503826E-4
0.0
1.5642055271503826E-4
1.5642055271503826E-4
3.893401008099317E-5
1.5642055271503826E-4
1.5642055271503826E-4
4.5057850851056475E-4
1.5642055271503826E-4
1.5642055271503826E-4
1.2033694656565785E-5
1.5642055271503826E-4
1.5642055271503826E-4
0.0
1.5642055271503826E-4
1.5642055271503826E-4
0.0
1.5642055271503826E-4
1.5642055271503826E-4
1.5642055271503826E-4
1.5642055271503826E-4
1.5642055271503826E-4
1.5642055271503826E-4
1.5642055271503826E-4
1.5642055271503826E-4
1.5642055271503826E-4
1.5642055271503826E-4
1.5642055271503826E-4
1.5642055271503826E-4
1.5642055271503826E-4
1.5642055271503826E-4
1.5642055271503826E-4
1.5642055271503826E-4
1.5642055271503826E-4
1.5642055271503826E-4
1.5642055271503826E-4
1.5642055271503826E-4
1.5642055271503826E-4
1.5642055271503826E-4
1.5642055271503826E-4
1.5642055271503826E-4
1.5642055271503826E-4
1.5642055271503826E-4
1.5642055271503826E-4
1.5642055271503826E-4
1.5642055271503826E-4
1.5642055271503826E-4
1.5642055271503826E-4
1.5642055271503826E-4
1.5642055271503826E-4
1.5642055271503826E-4
1.5642055271503826E-4
1.5642055271503826E-4
1.5642055271503826E-4
1.5642055271503826E-4
1.5642055271503826E-4
1.5642055271503826E-4
1.5642055271503826E-4
1.5642055271503826E-4
1.5642055271503826E-4
1.5642055271503826E-4
1.5642055271503826E-4
1.5642055271503826E-4
1.5642055271503826E-4
1.5642055271503826E-4
1.5642055271503826E-4
1.5642055271503826E-4
1.5642055271503826E-4
1.5642055271503826E-4
1.5642055271503826E-4
1.5642055271503826E-4
1.5642055271503826E-4
1.5642055271503826E-4
1.5642055271503826E-4
1.5642055271503826E-4
1.5642055271503826E-4
1.5642055271503826E-4
1.5642055271503826E-4
1.5642055271503826E-4
1.5642055271503826E-4
1.5642055271503826E-4
1.5642055271503826E-4
1.5642055271503826E-4
1.5642055271503826E-4
1.5642055271503826E-4
1.5642055271503826E-4
1.5642055271503826E-4
1.5642055271503826E-4
1.5642055271503826E-4
1.5642055271503826E-4
1.5642055271503826E-4
1.5642055271503826E-4
1.5642055271503826E-4
1.5642055271503826E-4
1.5642055271503826E-4
1.5642055271503826E-4
1.5642055271503826E-4
1.5642055271503826E-4
1.5642055271503826E-4
1.5642055271503826E-4
1.5642055271503826E-4
1.5642055271503826E-4
1.5642055271503826E-4
1.5642055271503826E-4
1.5642055271503826E-4
1.5642055271503826E-4
1.5642055271503826E-4
1.5642055271503826E-4
1.5642055271503826E-4
1.5642055271503826E-4
1.5642055271503826E-4
1.5642055271503826E-4
1.5642055271503826E-4
1.5642055271503826E-4
1.5642055271503826E-4
1.5642055271503826E-4
1.5642055271503826E-4
1.5642055271503826E-4
1.5642055271503826E-4
1.5642055271503826E-4
1.5642055271503826E-4
1.5642055271503826E-4
1.5642055271503826E-4
1.5642055271503826E-4
1.5642055271503826E-4
1.5642055271503826E-4
1.5642055271503826E-4
1.5642055271503826E-4
1.5642055271503826E-4
1.5642055271503826E-4
1.5642055271503826E-4
1.5642055271503826E-4
1.5642055271503826E-4
1.5642055271503826E-4
1.5642055271503826E-4
1.5642055271503826E-4
1.5642055271503826E-4
1.5642055271503826E-4
1.5642055271503826E-4
1.5642055271503826E-4
1.5642055271503826E-4
1.5642055271503826E-4
1.5642055271503826E-4
1.5642055271503826E-4
1.5642055271503826E-4
1.5642055271503826E-4
1.5642055271503826E-4
1.5642055271503826E-4
1.5642055271503826E-4
1.5642055271503826E-4
1.5642055271503826E-4
1.5642055271503826E-4
1.5642055271503826E-4
1.5642055271503826E-4
1.5642055271503826E-4
1.5642055271503826E-4
1.5642055271503826E-4
1.5642055271503826E-4
1.5642055271503826E-4
1.5642055271503826E-4
