1.3387734264445802E-4
3.707639892430355E-4
3.099472320172936E-4
0.0
3.3333334140479566E-4
2.5897882684754826E-4
2.5897882684754826E-4
0.0
2.5897882684754826E-4
3.0559887527488173E-4
2.1704001119360328E-4
2.5897882684754826E-4
0.0
0.0
0.0
0.08006536224080871
0.0
2.1704001119360328E-4
0.0
0.0
6.068343568282823E-4
0.0
0.0
6.068343568282823E-4
0.0
0.0
0.0
0.0
2.7988653164356948E-5
8.759849763009698E-4
0.009825690837654595
2.7988653164356948E-5
2.5897882684754826E-4
0.0
2.7988653164356948E-5
2.792484126985073E-4
0.0
2.7988653164356948E-5
0.0
0.0
2.7988653164356948E-5
2.792484126985073E-4
0.0
2.7988653164356948E-5
7.460870159169038E-5
6.536104871580998E-5
2.7988653164356948E-5
0.0
6.536104871580998E-5
2.7988653164356948E-5
1.0243390958445768E-4
0.0
2.7988653164356948E-5
2.7988653164356948E-5
0.0
2.7988653164356948E-5
1.6186599580881496E-4
2.7988653164356948E-5
2.7988653164356948E-5
2.5897882684754826E-4
2.7988653164356948E-5
2.7988653164356948E-5
0.0
2.7988653164356948E-5
2.7988653164356948E-5
0.0
2.7988653164356948E-5
2.7988653164356948E-5
0.0
2.7988653164356948E-5
2.7988653164356948E-5
2.792484126985073E-4
2.7988653164356948E-5
2.7988653164356948E-5
0.0
2.7988653164356948E-5
2.7988653164356948E-5
0.0
2.7988653164356948E-5
2.7988653164356948E-5
0.0
2.7988653164356948E-5
2.7988653164356948E-5
2.7988653164356948E-5
2.7988653164356948E-5
2.7988653164356948E-5
2.7988653164356948E-5
2.7988653164356948E-5
2.7988653164356948E-5
2.7988653164356948E-5
2.7988653164356948E-5
2.7988653164356948E-5
2.7988653164356948E-5
2.7988653164356948E-5
2.7988653164356948E-5
2.7988653164356948E-5
2.7988653164356948E-5
2.7988653164356948E-5
2.7988653164356948E-5
2.7988653164356948E-5
2.7988653164356948E-5
2.7988653164356948E-5
2.7988653164356948E-5
2.7988653164356948E-5
2.7988653164356948E-5
2.7988653164356948E-5
2.7988653164356948E-5
2.7988653164356948E-5
2.7988653164356948E-5
2.7988653164356948E-5
2.7988653164356948E-5
2.7988653164356948E-5
2.7988653164356948E-5
2.7988653164356948E-5
2.7988653164356948E-5
2.7988653164356948E-5
2.7988653164356948E-5
2.7988653164356948E-5
2.7988653164356948E-5
2.7988653164356948E-5
2.7988653164356948E-5
2.7988653164356948E-5
2.7988653164356948E-5
2.7988653164356948E-5
2.7988653164356948E-5
2.7988653164356948E-5
2.7988653164356948E-5
2.7988653164356948E-5
2.7988653164356948E-5
2.7988653164356948E-5
2.7988653164356948E-5
2.7988653164356948E-5
2.7988653164356948E-5
2.7988653164356948E-5
2.7988653164356948E-5
2.7988653164356948E-5
2.7988653164356948E-5
2.7988653164356948E-5
2.7988653164356948E-5
2.7988653164356948E-5
2.7988653164356948E-5
2.7988653164356948E-5
2.7988653164356948E-5
2.7988653164356948E-5
2.7988653164356948E-5
2.7988653164356948E-5
2.7988653164356948E-5
2.7988653164356948E-5
2.7988653164356948E-5
2.7988653164356948E-5
2.7988653164356948E-5
2.7988653164356948E-5
2.7988653164356948E-5
2.7988653164356948E-5
2.7988653164356948E-5
2.7988653164356948E-5
2.7988653164356948E-5
2.7988653164356948E-5
2.7988653164356948E-5
2.7988653164356948E-5
2.7988653164356948E-5
2.7988653164356948E-5
2.7988653164356948E-5
2.7988653164356948E-5
2.7988653164356948E-5
2.7988653164356948E-5
2.7988653164356948E-5
2.7988653164356948E-5
2.7988653164356948E-5
2.7988653164356948E-5
2.7988653164356948E-5
2.7988653164356948E-5
2.7988653164356948E-5
2.7988653164356948E-5
2.7988653164356948E-5
2.7988653164356948E-5
2.7988653164356948E-5
2.7988653164356948E-5
2.7988653164356948E-5
2.7988653164356948E-5
2.7988653164356948E-5
2.7988653164356948E-5
2.7988653164356948E-5
2.7988653164356948E-5
2.7988653164356948E-5
2.7988653164356948E-5
2.7988653164356948E-5
2.7988653164356948E-5
2.7988653164356948E-5
2.7988653164356948E-5
2.7988653164356948E-5
2.7988653164356948E-5
2.7988653164356948E-5
2.7988653164356948E-5
2.7988653164356948E-5
2.7988653164356948E-5
2.7988653164356948E-5
2.7988653164356948E-5
2.7988653164356948E-5
2.7988653164356948E-5
2.7988653164356948E-5
2.7988653164356948E-5
2.7988653164356948E-5
2.7988653164356948E-5
2.7988653164356948E-5
2.7988653164356948E-5
2.7988653164356948E-5
2.7988653164356948E-5
2.7988653164356948E-5
2.7988653164356948E-5
2.7988653164356948E-5
2.7988653164356948E-5
2.7988653164356948E-5
2.7988653164356948E-5
2.7988653164356948E-5
2.7988653164356948E-5
2.7988653164356948E-5
2.7988653164356948E-5
2.7988653164356948E-5
2.7988653164356948E-5
2.7988653164356948E-5
2.7988653164356948E-5
2.7988653164356948E-5
2.7988653164356948E-5
