9.049956453964115E-4
3.7225044022003807E-4
4.662004842733344E-5
0.0
0.0023185122680539887
1.2510148420309027E-4
1.2510148420309027E-4
6.935713075411817E-5
1.2510148420309027E-4
2.0416273230997224E-4
5.930002468327681E-5
1.2510148420309027E-4
0.0
0.0066666667660077415
2.690031542442739E-5
6.536104871580998E-5
0.0
8.869982693189134E-4
0.0
0.0
0.0031924514332786202
0.0
0.0
2.403979131486267E-4
0.0
0.0
0.0
0.0
4.501601215451956E-4
0.0028846939210779967
0.0025076062806571524
4.501601215451956E-4
1.2510148420309027E-4
0.0
4.501601215451956E-4
2.0416273230997224E-4
0.0
4.501601215451956E-4
0.0
0.0
4.501601215451956E-4
2.0416273230997224E-4
0.0
4.501601215451956E-4
4.501601215451956E-4
6.536104871580998E-5
4.501601215451956E-4
0.0
6.536104871580998E-5
4.501601215451956E-4
2.403979131486267E-4
0.0
4.501601215451956E-4
4.501601215451956E-4
0.0
4.501601215451956E-4
0.0010112291919843605
4.501601215451956E-4
4.501601215451956E-4
1.2510148420309027E-4
4.501601215451956E-4
4.501601215451956E-4
0.0
4.501601215451956E-4
4.501601215451956E-4
0.0
4.501601215451956E-4
4.501601215451956E-4
3.893401008099317E-5
4.501601215451956E-4
4.501601215451956E-4
3.1168961237805585E-4
4.501601215451956E-4
4.501601215451956E-4
7.149873611827692E-4
4.501601215451956E-4
4.501601215451956E-4
0.0
4.501601215451956E-4
4.501601215451956E-4
0.0
4.501601215451956E-4
4.501601215451956E-4
4.501601215451956E-4
4.501601215451956E-4
4.501601215451956E-4
4.501601215451956E-4
4.501601215451956E-4
4.501601215451956E-4
4.501601215451956E-4
4.501601215451956E-4
4.501601215451956E-4
4.501601215451956E-4
4.501601215451956E-4
4.501601215451956E-4
4.501601215451956E-4
4.501601215451956E-4
4.501601215451956E-4
4.501601215451956E-4
4.501601215451956E-4
4.501601215451956E-4
4.501601215451956E-4
4.501601215451956E-4
4.501601215451956E-4
4.501601215451956E-4
4.501601215451956E-4
4.501601215451956E-4
4.501601215451956E-4
4.501601215451956E-4
4.501601215451956E-4
4.501601215451956E-4
4.501601215451956E-4
4.501601215451956E-4
4.501601215451956E-4
4.501601215451956E-4
4.501601215451956E-4
4.501601215451956E-4
4.501601215451956E-4
4.501601215451956E-4
4.501601215451956E-4
4.501601215451956E-4
4.501601215451956E-4
4.501601215451956E-4
4.501601215451956E-4
4.501601215451956E-4
4.501601215451956E-4
4.501601215451956E-4
4.501601215451956E-4
4.501601215451956E-4
4.501601215451956E-4
4.501601215451956E-4
4.501601215451956E-4
4.501601215451956E-4
4.501601215451956E-4
4.501601215451956E-4
4.501601215451956E-4
4.501601215451956E-4
4.501601215451956E-4
4.501601215451956E-4
4.501601215451956E-4
4.501601215451956E-4
4.501601215451956E-4
4.501601215451956E-4
4.501601215451956E-4
4.501601215451956E-4
4.501601215451956E-4
4.501601215451956E-4
4.501601215451956E-4
4.501601215451956E-4
4.501601215451956E-4
4.501601215451956E-4
4.501601215451956E-4
4.501601215451956E-4
4.501601215451956E-4
4.501601215451956E-4
4.501601215451956E-4
4.501601215451956E-4
4.501601215451956E-4
4.501601215451956E-4
4.501601215451956E-4
4.501601215451956E-4
4.501601215451956E-4
4.501601215451956E-4
4.501601215451956E-4
4.501601215451956E-4
4.501601215451956E-4
4.501601215451956E-4
4.501601215451956E-4
4.501601215451956E-4
4.501601215451956E-4
4.501601215451956E-4
4.501601215451956E-4
4.501601215451956E-4
4.501601215451956E-4
4.501601215451956E-4
4.501601215451956E-4
4.501601215451956E-4
4.501601215451956E-4
4.501601215451956E-4
4.501601215451956E-4
4.501601215451956E-4
4.501601215451956E-4
4.501601215451956E-4
4.501601215451956E-4
4.501601215451956E-4
4.501601215451956E-4
4.501601215451956E-4
4.501601215451956E-4
4.501601215451956E-4
4.501601215451956E-4
4.501601215451956E-4
4.501601215451956E-4
4.501601215451956E-4
4.501601215451956E-4
4.501601215451956E-4
4.501601215451956E-4
4.501601215451956E-4
4.501601215451956E-4
4.501601215451956E-4
4.501601215451956E-4
4.501601215451956E-4
4.501601215451956E-4
4.501601215451956E-4
4.501601215451956E-4
4.501601215451956E-4
4.501601215451956E-4
4.501601215451956E-4
4.501601215451956E-4
4.501601215451956E-4
4.501601215451956E-4
4.501601215451956E-4
4.501601215451956E-4
4.501601215451956E-4
4.501601215451956E-4
4.501601215451956E-4
4.501601215451956E-4
4.501601215451956E-4
4.501601215451956E-4
4.501601215451956E-4
4.501601215451956E-4
4.501601215451956E-4
4.501601215451956E-4
4.501601215451956E-4
4.501601215451956E-4
