4.987708312304069E-4
0.006831906124716625
1.6523935870888334E-4
6.141595697651307E-4
8.89405538327992E-4
0.006831906124716625
0.006831906124716625
3.413092480817189E-4
1.6523935870888334E-4
2.9468919965438547E-4
0.0033613220361682276
7.297051100370784E-5
0.0033613220361682276
7.764091404775779E-4
3.663003832722704E-5
4.8774033396815263E-4
7.764091404775779E-4
1.6523935870888334E-4
3.663003832722704E-5
0.0
7.297051100370784E-5
0.0
0.0
3.99659009417519E-4
0.0
0.0
0.0
0.003489388688467443
3.99659009417519E-4
1.6523935870888334E-4
0.007035987756292646
3.99659009417519E-4
2.632371091749519E-4
0.0
3.99659009417519E-4
0.0033613220361682276
7.764091404775779E-4
3.99659009417519E-4
0.0033333333830038708
0.0
3.99659009417519E-4
1.6523935870888334E-4
3.663003832722704E-5
3.99659009417519E-4
7.297051100370784E-5
0.007219768148691704
3.99659009417519E-4
0.003489388688467443
5.531013826839626E-4
3.99659009417519E-4
0.0035002109323007363
0.0
3.99659009417519E-4
3.99659009417519E-4
0.0035002109323007363
3.99659009417519E-4
3.063683960742007E-4
3.99659009417519E-4
3.99659009417519E-4
0.006831906124716625
3.99659009417519E-4
3.99659009417519E-4
0.0
3.99659009417519E-4
3.99659009417519E-4
0.0033699634213310977
3.99659009417519E-4
3.99659009417519E-4
3.663003832722704E-5
3.99659009417519E-4
3.99659009417519E-4
1.6523935870888334E-4
3.99659009417519E-4
3.99659009417519E-4
0.0
3.99659009417519E-4
3.99659009417519E-4
0.0
3.99659009417519E-4
3.99659009417519E-4
0.0035002109323007363
3.99659009417519E-4
3.99659009417519E-4
0.0035002109323007363
3.99659009417519E-4
3.99659009417519E-4
3.99659009417519E-4
3.99659009417519E-4
3.99659009417519E-4
3.99659009417519E-4
3.99659009417519E-4
3.99659009417519E-4
3.99659009417519E-4
3.99659009417519E-4
3.99659009417519E-4
3.99659009417519E-4
3.99659009417519E-4
3.99659009417519E-4
3.99659009417519E-4
3.99659009417519E-4
3.99659009417519E-4
3.99659009417519E-4
3.99659009417519E-4
3.99659009417519E-4
3.99659009417519E-4
3.99659009417519E-4
3.99659009417519E-4
0.003489388688467443
3.99659009417519E-4
3.99659009417519E-4
3.99659009417519E-4
3.99659009417519E-4
3.99659009417519E-4
3.99659009417519E-4
3.99659009417519E-4
3.99659009417519E-4
3.99659009417519E-4
3.99659009417519E-4
3.99659009417519E-4
3.99659009417519E-4
3.99659009417519E-4
3.99659009417519E-4
3.99659009417519E-4
3.99659009417519E-4
3.99659009417519E-4
3.99659009417519E-4
3.99659009417519E-4
3.99659009417519E-4
3.99659009417519E-4
3.99659009417519E-4
3.99659009417519E-4
3.99659009417519E-4
3.99659009417519E-4
3.99659009417519E-4
3.99659009417519E-4
3.99659009417519E-4
3.99659009417519E-4
3.99659009417519E-4
3.99659009417519E-4
3.99659009417519E-4
3.99659009417519E-4
3.99659009417519E-4
3.99659009417519E-4
3.99659009417519E-4
3.99659009417519E-4
3.99659009417519E-4
3.99659009417519E-4
3.99659009417519E-4
3.99659009417519E-4
3.99659009417519E-4
3.99659009417519E-4
3.99659009417519E-4
3.99659009417519E-4
3.99659009417519E-4
3.99659009417519E-4
3.99659009417519E-4
3.99659009417519E-4
3.99659009417519E-4
3.99659009417519E-4
3.99659009417519E-4
3.99659009417519E-4
3.99659009417519E-4
3.99659009417519E-4
3.99659009417519E-4
3.99659009417519E-4
3.99659009417519E-4
3.99659009417519E-4
3.99659009417519E-4
3.99659009417519E-4
3.99659009417519E-4
3.99659009417519E-4
3.99659009417519E-4
3.99659009417519E-4
3.99659009417519E-4
3.99659009417519E-4
3.99659009417519E-4
3.99659009417519E-4
3.99659009417519E-4
3.99659009417519E-4
3.99659009417519E-4
3.99659009417519E-4
3.99659009417519E-4
3.99659009417519E-4
3.99659009417519E-4
3.99659009417519E-4
3.99659009417519E-4
3.99659009417519E-4
3.99659009417519E-4
3.99659009417519E-4
3.99659009417519E-4
3.99659009417519E-4
3.99659009417519E-4
3.99659009417519E-4
3.99659009417519E-4
3.99659009417519E-4
3.99659009417519E-4
3.99659009417519E-4
3.99659009417519E-4
3.99659009417519E-4
3.99659009417519E-4
3.99659009417519E-4
3.99659009417519E-4
3.99659009417519E-4
3.99659009417519E-4
3.99659009417519E-4
3.99659009417519E-4
3.99659009417519E-4
3.99659009417519E-4
3.99659009417519E-4
3.99659009417519E-4
3.99659009417519E-4
3.99659009417519E-4
3.99659009417519E-4
3.99659009417519E-4
3.99659009417519E-4
3.99659009417519E-4
3.99659009417519E-4
3.99659009417519E-4
3.99659009417519E-4
3.99659009417519E-4
3.99659009417519E-4
3.99659009417519E-4
3.99659009417519E-4
3.99659009417519E-4
