1.3888889613250893E-4
7.977823726832867E-4
2.5943367509171365E-4
4.255319324632486E-4
3.3333334140479566E-4
1.2510148420309027E-4
6.911392284867664E-4
1.0150901701611777E-4
1.717215326304237E-4
1.6023365509075423E-4
1.717215326304237E-4
2.033125861392667E-4
1.8008925835601985E-4
0.0
1.8008925835601985E-4
0.0
0.0
2.436196121076743E-4
0.0067320278147235514
2.510112419258803E-4
0.02688338636071421
6.536104871580998E-5
2.510112419258803E-4
2.1671929668324688E-4
2.1671929668324688E-4
2.510112419258803E-4
2.510112419258803E-4
2.1671929668324688E-4
2.1671929668324688E-4
0.0
5.660377442836762E-4
2.1671929668324688E-4
1.2510148420309027E-4
0.0
2.1671929668324688E-4
1.8199707265011966E-4
0.0
2.1671929668324688E-4
0.0
0.0
2.1671929668324688E-4
8.577055414207279E-5
1.8008925835601985E-4
2.1671929668324688E-4
2.8616374474950136E-4
0.0
2.1671929668324688E-4
2.510112419258803E-4
6.536104871580998E-5
2.1671929668324688E-4
2.1671929668324688E-4
2.510112419258803E-4
2.1671929668324688E-4
2.1671929668324688E-4
2.1671929668324688E-4
2.1671929668324688E-4
1.637174185210218E-4
2.1671929668324688E-4
2.1671929668324688E-4
1.2510148420309027E-4
2.1671929668324688E-4
2.1671929668324688E-4
0.0
2.1671929668324688E-4
2.1671929668324688E-4
1.8008925835601985E-4
2.1671929668324688E-4
2.1671929668324688E-4
1.8008925835601985E-4
2.1671929668324688E-4
2.1671929668324688E-4
2.0889738807454704E-4
2.1671929668324688E-4
2.1671929668324688E-4
0.02688338636071421
2.1671929668324688E-4
2.1671929668324688E-4
2.1671929668324688E-4
2.1671929668324688E-4
2.1671929668324688E-4
2.510112419258803E-4
2.1671929668324688E-4
2.1671929668324688E-4
2.1671929668324688E-4
2.1671929668324688E-4
2.1671929668324688E-4
2.1671929668324688E-4
2.1671929668324688E-4
2.1671929668324688E-4
2.1671929668324688E-4
2.1671929668324688E-4
2.1671929668324688E-4
2.1671929668324688E-4
2.1671929668324688E-4
2.1671929668324688E-4
2.1671929668324688E-4
2.1671929668324688E-4
2.1671929668324688E-4
2.1671929668324688E-4
2.1671929668324688E-4
2.1671929668324688E-4
2.1671929668324688E-4
2.1671929668324688E-4
2.1671929668324688E-4
2.1671929668324688E-4
2.1671929668324688E-4
2.1671929668324688E-4
2.1671929668324688E-4
2.1671929668324688E-4
2.1671929668324688E-4
2.1671929668324688E-4
2.1671929668324688E-4
2.1671929668324688E-4
2.1671929668324688E-4
2.1671929668324688E-4
2.1671929668324688E-4
2.1671929668324688E-4
2.1671929668324688E-4
2.1671929668324688E-4
2.1671929668324688E-4
2.1671929668324688E-4
2.1671929668324688E-4
2.1671929668324688E-4
2.1671929668324688E-4
2.1671929668324688E-4
2.1671929668324688E-4
2.1671929668324688E-4
2.1671929668324688E-4
2.1671929668324688E-4
2.1671929668324688E-4
2.1671929668324688E-4
2.1671929668324688E-4
2.1671929668324688E-4
2.1671929668324688E-4
2.1671929668324688E-4
2.1671929668324688E-4
2.1671929668324688E-4
2.1671929668324688E-4
2.1671929668324688E-4
2.1671929668324688E-4
2.1671929668324688E-4
2.1671929668324688E-4
2.1671929668324688E-4
2.1671929668324688E-4
2.1671929668324688E-4
2.1671929668324688E-4
2.1671929668324688E-4
2.1671929668324688E-4
2.1671929668324688E-4
2.1671929668324688E-4
2.1671929668324688E-4
2.1671929668324688E-4
2.1671929668324688E-4
2.1671929668324688E-4
2.1671929668324688E-4
2.1671929668324688E-4
2.1671929668324688E-4
2.1671929668324688E-4
2.1671929668324688E-4
2.1671929668324688E-4
2.1671929668324688E-4
2.1671929668324688E-4
2.1671929668324688E-4
2.1671929668324688E-4
2.1671929668324688E-4
2.1671929668324688E-4
2.1671929668324688E-4
2.1671929668324688E-4
2.1671929668324688E-4
2.1671929668324688E-4
2.1671929668324688E-4
2.1671929668324688E-4
2.1671929668324688E-4
2.1671929668324688E-4
2.1671929668324688E-4
2.1671929668324688E-4
2.1671929668324688E-4
2.1671929668324688E-4
2.1671929668324688E-4
2.1671929668324688E-4
2.1671929668324688E-4
2.1671929668324688E-4
2.1671929668324688E-4
2.1671929668324688E-4
2.1671929668324688E-4
2.1671929668324688E-4
2.1671929668324688E-4
2.1671929668324688E-4
2.1671929668324688E-4
2.1671929668324688E-4
2.1671929668324688E-4
2.1671929668324688E-4
2.1671929668324688E-4
2.1671929668324688E-4
2.1671929668324688E-4
2.1671929668324688E-4
2.1671929668324688E-4
2.1671929668324688E-4
2.1671929668324688E-4
2.1671929668324688E-4
2.1671929668324688E-4
2.1671929668324688E-4
2.1671929668324688E-4
2.1671929668324688E-4
2.1671929668324688E-4
2.1671929668324688E-4
2.1671929668324688E-4
2.1671929668324688E-4
2.1671929668324688E-4
2.1671929668324688E-4
2.1671929668324688E-4
2.1671929668324688E-4
2.1671929668324688E-4
2.1671929668324688E-4
2.1671929668324688E-4
2.1671929668324688E-4
2.1671929668324688E-4
2.1671929668324688E-4
2.1671929668324688E-4
2.1671929668324688E-4
2.1671929668324688E-4
2.1671929668324688E-4
2.1671929668324688E-4
2.1671929668324688E-4
