0.0010958430434887608
0.0
0.0
0.0
0.002402808618110915
0.0
0.0
0.0
0.0
0.0
0.005914576522385081
0.0
0.0
0.0
0.0
8.455954026430845E-4
0.0
9.828010418762763E-5
0.0
0.0
0.0037968540486569206
0.0
0.0
0.0
0.0
0.0
0.0
4.3890414720711607E-4
4.3890414720711607E-4
0.0019101506487155953
0.004451460825900237
4.3890414720711607E-4
0.0
0.0
4.3890414720711607E-4
0.0
0.0
4.3890414720711607E-4
0.0
0.0
4.3890414720711607E-4
9.828010418762763E-5
0.0
4.3890414720711607E-4
0.0
0.0
4.3890414720711607E-4
0.0
0.0
4.3890414720711607E-4
0.0
0.0
4.3890414720711607E-4
4.3890414720711607E-4
2.7903732067594926E-5
0.0
8.325206348672509E-4
4.3890414720711607E-4
4.3890414720711607E-4
0.0
4.3890414720711607E-4
4.3890414720711607E-4
0.0
4.3890414720711607E-4
4.3890414720711607E-4
0.0
4.3890414720711607E-4
4.3890414720711607E-4
0.0
4.3890414720711607E-4
4.3890414720711607E-4
9.828010418762763E-5
4.3890414720711607E-4
4.3890414720711607E-4
0.001052321990331014
4.3890414720711607E-4
4.3890414720711607E-4
0.0
4.3890414720711607E-4
4.3890414720711607E-4
2.7903732067594926E-5
4.3890414720711607E-4
4.3890414720711607E-4
4.3890414720711607E-4
4.3890414720711607E-4
4.3890414720711607E-4
4.3890414720711607E-4
4.3890414720711607E-4
4.3890414720711607E-4
4.3890414720711607E-4
4.3890414720711607E-4
4.3890414720711607E-4
4.3890414720711607E-4
4.3890414720711607E-4
4.3890414720711607E-4
4.3890414720711607E-4
4.3890414720711607E-4
4.3890414720711607E-4
4.3890414720711607E-4
4.3890414720711607E-4
4.3890414720711607E-4
4.3890414720711607E-4
4.3890414720711607E-4
4.3890414720711607E-4
4.3890414720711607E-4
4.3890414720711607E-4
4.3890414720711607E-4
4.3890414720711607E-4
4.3890414720711607E-4
4.3890414720711607E-4
4.3890414720711607E-4
4.3890414720711607E-4
4.3890414720711607E-4
4.3890414720711607E-4
4.3890414720711607E-4
4.3890414720711607E-4
4.3890414720711607E-4
4.3890414720711607E-4
4.3890414720711607E-4
4.3890414720711607E-4
4.3890414720711607E-4
4.3890414720711607E-4
4.3890414720711607E-4
4.3890414720711607E-4
4.3890414720711607E-4
4.3890414720711607E-4
4.3890414720711607E-4
4.3890414720711607E-4
4.3890414720711607E-4
4.3890414720711607E-4
4.3890414720711607E-4
4.3890414720711607E-4
4.3890414720711607E-4
4.3890414720711607E-4
4.3890414720711607E-4
4.3890414720711607E-4
4.3890414720711607E-4
4.3890414720711607E-4
4.3890414720711607E-4
4.3890414720711607E-4
4.3890414720711607E-4
4.3890414720711607E-4
4.3890414720711607E-4
4.3890414720711607E-4
4.3890414720711607E-4
4.3890414720711607E-4
4.3890414720711607E-4
4.3890414720711607E-4
4.3890414720711607E-4
4.3890414720711607E-4
4.3890414720711607E-4
4.3890414720711607E-4
4.3890414720711607E-4
4.3890414720711607E-4
4.3890414720711607E-4
4.3890414720711607E-4
4.3890414720711607E-4
4.3890414720711607E-4
4.3890414720711607E-4
4.3890414720711607E-4
4.3890414720711607E-4
4.3890414720711607E-4
4.3890414720711607E-4
4.3890414720711607E-4
4.3890414720711607E-4
4.3890414720711607E-4
4.3890414720711607E-4
4.3890414720711607E-4
4.3890414720711607E-4
4.3890414720711607E-4
4.3890414720711607E-4
4.3890414720711607E-4
4.3890414720711607E-4
4.3890414720711607E-4
4.3890414720711607E-4
4.3890414720711607E-4
4.3890414720711607E-4
4.3890414720711607E-4
4.3890414720711607E-4
4.3890414720711607E-4
4.3890414720711607E-4
4.3890414720711607E-4
4.3890414720711607E-4
4.3890414720711607E-4
4.3890414720711607E-4
4.3890414720711607E-4
4.3890414720711607E-4
4.3890414720711607E-4
4.3890414720711607E-4
4.3890414720711607E-4
4.3890414720711607E-4
4.3890414720711607E-4
4.3890414720711607E-4
4.3890414720711607E-4
4.3890414720711607E-4
4.3890414720711607E-4
4.3890414720711607E-4
4.3890414720711607E-4
4.3890414720711607E-4
4.3890414720711607E-4
4.3890414720711607E-4
4.3890414720711607E-4
4.3890414720711607E-4
4.3890414720711607E-4
4.3890414720711607E-4
4.3890414720711607E-4
4.3890414720711607E-4
4.3890414720711607E-4
4.3890414720711607E-4
4.3890414720711607E-4
4.3890414720711607E-4
4.3890414720711607E-4
4.3890414720711607E-4
4.3890414720711607E-4
4.3890414720711607E-4
4.3890414720711607E-4
4.3890414720711607E-4
4.3890414720711607E-4
4.3890414720711607E-4
4.3890414720711607E-4
4.3890414720711607E-4
4.3890414720711607E-4
4.3890414720711607E-4
4.3890414720711607E-4
