4.0611601434648037E-4
0.0
0.0
0.0
0.0013094215498616298
0.0
0.0
0.0
0.0
0.0
0.0
0.0
0.0
0.0
0.0
2.898550902803739E-4
0.0
9.828010418762763E-5
0.0
0.0
9.828010418762763E-5
6.872852488110463E-5
6.872852488110463E-5
3.815834216463069E-4
0.0
0.0
0.0
0.0
3.815834216463069E-4
0.0
4.741290428986152E-4
3.815834216463069E-4
0.0
0.0
3.815834216463069E-4
0.0
0.0
3.815834216463069E-4
0.0
0.0
3.815834216463069E-4
9.828010418762763E-5
0.0
3.815834216463069E-4
0.013333333532015483
0.0
3.815834216463069E-4
0.0
0.0
3.815834216463069E-4
8.339560396658877E-5
0.0
3.815834216463069E-4
3.815834216463069E-4
8.339560396658877E-5
3.815834216463069E-4
0.0
3.815834216463069E-4
3.815834216463069E-4
0.0
3.815834216463069E-4
3.815834216463069E-4
0.0
3.815834216463069E-4
3.815834216463069E-4
0.0
3.815834216463069E-4
3.815834216463069E-4
0.0
3.815834216463069E-4
3.815834216463069E-4
9.828010418762763E-5
3.815834216463069E-4
3.815834216463069E-4
0.0
3.815834216463069E-4
3.815834216463069E-4
0.0
3.815834216463069E-4
3.815834216463069E-4
8.339560396658877E-5
3.815834216463069E-4
3.815834216463069E-4
8.339560396658877E-5
3.815834216463069E-4
3.815834216463069E-4
3.815834216463069E-4
3.815834216463069E-4
3.815834216463069E-4
3.815834216463069E-4
3.815834216463069E-4
3.815834216463069E-4
3.815834216463069E-4
3.815834216463069E-4
3.815834216463069E-4
3.815834216463069E-4
3.815834216463069E-4
3.815834216463069E-4
3.815834216463069E-4
3.815834216463069E-4
3.815834216463069E-4
3.815834216463069E-4
3.815834216463069E-4
3.815834216463069E-4
3.815834216463069E-4
3.815834216463069E-4
3.815834216463069E-4
0.0
3.815834216463069E-4
3.815834216463069E-4
3.815834216463069E-4
3.815834216463069E-4
3.815834216463069E-4
3.815834216463069E-4
3.815834216463069E-4
3.815834216463069E-4
3.815834216463069E-4
3.815834216463069E-4
3.815834216463069E-4
3.815834216463069E-4
3.815834216463069E-4
3.815834216463069E-4
3.815834216463069E-4
3.815834216463069E-4
3.815834216463069E-4
3.815834216463069E-4
3.815834216463069E-4
3.815834216463069E-4
3.815834216463069E-4
3.815834216463069E-4
3.815834216463069E-4
3.815834216463069E-4
3.815834216463069E-4
3.815834216463069E-4
3.815834216463069E-4
3.815834216463069E-4
3.815834216463069E-4
3.815834216463069E-4
3.815834216463069E-4
3.815834216463069E-4
3.815834216463069E-4
3.815834216463069E-4
3.815834216463069E-4
3.815834216463069E-4
3.815834216463069E-4
3.815834216463069E-4
3.815834216463069E-4
3.815834216463069E-4
3.815834216463069E-4
3.815834216463069E-4
3.815834216463069E-4
3.815834216463069E-4
3.815834216463069E-4
3.815834216463069E-4
3.815834216463069E-4
3.815834216463069E-4
3.815834216463069E-4
3.815834216463069E-4
3.815834216463069E-4
3.815834216463069E-4
3.815834216463069E-4
3.815834216463069E-4
3.815834216463069E-4
3.815834216463069E-4
3.815834216463069E-4
3.815834216463069E-4
3.815834216463069E-4
3.815834216463069E-4
3.815834216463069E-4
3.815834216463069E-4
3.815834216463069E-4
3.815834216463069E-4
3.815834216463069E-4
3.815834216463069E-4
3.815834216463069E-4
3.815834216463069E-4
3.815834216463069E-4
3.815834216463069E-4
3.815834216463069E-4
3.815834216463069E-4
3.815834216463069E-4
3.815834216463069E-4
3.815834216463069E-4
3.815834216463069E-4
3.815834216463069E-4
3.815834216463069E-4
3.815834216463069E-4
3.815834216463069E-4
3.815834216463069E-4
3.815834216463069E-4
3.815834216463069E-4
3.815834216463069E-4
3.815834216463069E-4
3.815834216463069E-4
3.815834216463069E-4
3.815834216463069E-4
3.815834216463069E-4
3.815834216463069E-4
3.815834216463069E-4
3.815834216463069E-4
3.815834216463069E-4
3.815834216463069E-4
3.815834216463069E-4
3.815834216463069E-4
3.815834216463069E-4
3.815834216463069E-4
3.815834216463069E-4
3.815834216463069E-4
3.815834216463069E-4
3.815834216463069E-4
3.815834216463069E-4
3.815834216463069E-4
3.815834216463069E-4
3.815834216463069E-4
3.815834216463069E-4
3.815834216463069E-4
3.815834216463069E-4
3.815834216463069E-4
3.815834216463069E-4
3.815834216463069E-4
3.815834216463069E-4
3.815834216463069E-4
3.815834216463069E-4
3.815834216463069E-4
