0.0010958430434887608
0.0
0.0
0.0
0.002402808618110915
0.0
0.0
0.0
0.0
0.0
0.0
0.0
0.0
0.0
0.0
0.0
0.0
9.828010418762763E-5
0.0
0.0
9.828010418762763E-5
0.0
0.0
0.0
0.0
0.0
0.0
0.0
4.3890414720711607E-4
0.0019101506487155953
0.004451460825900237
4.3890414720711607E-4
0.0
0.0
4.3890414720711607E-4
0.0
0.0
4.3890414720711607E-4
2.836879342794418E-4
0.0
4.3890414720711607E-4
0.0066666667660077415
0.0
4.3890414720711607E-4
0.0037968540486569206
0.0066666667660077415
4.3890414720711607E-4
0.0
0.0
4.3890414720711607E-4
0.0
0.0
4.3890414720711607E-4
4.3890414720711607E-4
2.7903732067594926E-5
4.3890414720711607E-4
8.325206348672509E-4
4.3890414720711607E-4
4.3890414720711607E-4
0.0
4.3890414720711607E-4
4.3890414720711607E-4
0.0
4.3890414720711607E-4
4.3890414720711607E-4
0.0
4.3890414720711607E-4
4.3890414720711607E-4
0.0
4.3890414720711607E-4
4.3890414720711607E-4
9.828010418762763E-5
4.3890414720711607E-4
4.3890414720711607E-4
0.0
4.3890414720711607E-4
4.3890414720711607E-4
0.0
4.3890414720711607E-4
4.3890414720711607E-4
2.7903732067594926E-5
4.3890414720711607E-4
4.3890414720711607E-4
4.3890414720711607E-4
4.3890414720711607E-4
4.3890414720711607E-4
4.3890414720711607E-4
4.3890414720711607E-4
4.3890414720711607E-4
4.3890414720711607E-4
4.3890414720711607E-4
4.3890414720711607E-4
4.3890414720711607E-4
4.3890414720711607E-4
4.3890414720711607E-4
4.3890414720711607E-4
4.3890414720711607E-4
4.3890414720711607E-4
4.3890414720711607E-4
4.3890414720711607E-4
4.3890414720711607E-4
4.3890414720711607E-4
4.3890414720711607E-4
4.3890414720711607E-4
4.3890414720711607E-4
4.3890414720711607E-4
4.3890414720711607E-4
4.3890414720711607E-4
4.3890414720711607E-4
4.3890414720711607E-4
4.3890414720711607E-4
4.3890414720711607E-4
4.3890414720711607E-4
4.3890414720711607E-4
4.3890414720711607E-4
4.3890414720711607E-4
4.3890414720711607E-4
4.3890414720711607E-4
4.3890414720711607E-4
4.3890414720711607E-4
4.3890414720711607E-4
4.3890414720711607E-4
4.3890414720711607E-4
4.3890414720711607E-4
4.3890414720711607E-4
4.3890414720711607E-4
4.3890414720711607E-4
4.3890414720711607E-4
4.3890414720711607E-4
4.3890414720711607E-4
4.3890414720711607E-4
4.3890414720711607E-4
4.3890414720711607E-4
4.3890414720711607E-4
4.3890414720711607E-4
4.3890414720711607E-4
4.3890414720711607E-4
4.3890414720711607E-4
4.3890414720711607E-4
4.3890414720711607E-4
4.3890414720711607E-4
4.3890414720711607E-4
4.3890414720711607E-4
4.3890414720711607E-4
4.3890414720711607E-4
4.3890414720711607E-4
4.3890414720711607E-4
4.3890414720711607E-4
4.3890414720711607E-4
4.3890414720711607E-4
4.3890414720711607E-4
4.3890414720711607E-4
4.3890414720711607E-4
4.3890414720711607E-4
4.3890414720711607E-4
4.3890414720711607E-4
4.3890414720711607E-4
4.3890414720711607E-4
4.3890414720711607E-4
4.3890414720711607E-4
4.3890414720711607E-4
4.3890414720711607E-4
4.3890414720711607E-4
4.3890414720711607E-4
4.3890414720711607E-4
4.3890414720711607E-4
4.3890414720711607E-4
4.3890414720711607E-4
4.3890414720711607E-4
4.3890414720711607E-4
4.3890414720711607E-4
4.3890414720711607E-4
4.3890414720711607E-4
4.3890414720711607E-4
4.3890414720711607E-4
4.3890414720711607E-4
4.3890414720711607E-4
4.3890414720711607E-4
4.3890414720711607E-4
4.3890414720711607E-4
4.3890414720711607E-4
4.3890414720711607E-4
4.3890414720711607E-4
4.3890414720711607E-4
4.3890414720711607E-4
4.3890414720711607E-4
4.3890414720711607E-4
4.3890414720711607E-4
4.3890414720711607E-4
4.3890414720711607E-4
4.3890414720711607E-4
4.3890414720711607E-4
4.3890414720711607E-4
4.3890414720711607E-4
4.3890414720711607E-4
4.3890414720711607E-4
4.3890414720711607E-4
4.3890414720711607E-4
4.3890414720711607E-4
4.3890414720711607E-4
4.3890414720711607E-4
4.3890414720711607E-4
4.3890414720711607E-4
4.3890414720711607E-4
4.3890414720711607E-4
4.3890414720711607E-4
4.3890414720711607E-4
4.3890414720711607E-4
4.3890414720711607E-4
4.3890414720711607E-4
4.3890414720711607E-4
4.3890414720711607E-4
4.3890414720711607E-4
4.3890414720711607E-4
4.3890414720711607E-4
4.3890414720711607E-4
4.3890414720711607E-4
4.3890414720711607E-4
4.3890414720711607E-4
4.3890414720711607E-4
4.3890414720711607E-4
4.3890414720711607E-4
4.3890414720711607E-4
4.3890414720711607E-4
