0.0
0.0
0.0
2.7213719052573043E-4
2.7213719052573043E-4
0.0
0.0
0.0
0.0
0.0
0.0
9.828010418762763E-5
2.836879342794418E-4
0.0
0.0
0.0
0.0
9.828010418762763E-5
0.0
0.0
0.03689696052266906
0.0
0.0
1.74996970842282E-4
2.9809183130661645E-5
0.0
0.0
2.9809183130661645E-5
1.74996970842282E-4
0.0
0.0
1.74996970842282E-4
0.0
2.0202021114528178E-4
1.74996970842282E-4
0.0
0.0
1.74996970842282E-4
0.0
0.0
1.74996970842282E-4
9.828010418762763E-5
0.0
1.74996970842282E-4
2.9809183130661645E-5
0.0
1.74996970842282E-4
0.0
0.0
1.74996970842282E-4
1.74996970842282E-4
0.0
1.74996970842282E-4
1.74996970842282E-4
1.74996970842282E-4
1.74996970842282E-4
0.0
1.74996970842282E-4
1.74996970842282E-4
0.0
1.74996970842282E-4
1.74996970842282E-4
0.0
1.74996970842282E-4
1.74996970842282E-4
0.0
1.74996970842282E-4
1.74996970842282E-4
0.0
1.74996970842282E-4
1.74996970842282E-4
9.828010418762763E-5
1.74996970842282E-4
1.74996970842282E-4
0.03689696052266906
1.74996970842282E-4
1.74996970842282E-4
1.74996970842282E-4
1.74996970842282E-4
1.74996970842282E-4
0.0
1.74996970842282E-4
1.74996970842282E-4
1.74996970842282E-4
1.74996970842282E-4
1.74996970842282E-4
1.74996970842282E-4
1.74996970842282E-4
1.74996970842282E-4
1.74996970842282E-4
1.74996970842282E-4
1.74996970842282E-4
1.74996970842282E-4
1.74996970842282E-4
1.74996970842282E-4
1.74996970842282E-4
1.74996970842282E-4
1.74996970842282E-4
1.74996970842282E-4
1.74996970842282E-4
1.74996970842282E-4
1.74996970842282E-4
1.74996970842282E-4
1.74996970842282E-4
1.74996970842282E-4
1.74996970842282E-4
1.74996970842282E-4
1.74996970842282E-4
1.74996970842282E-4
1.74996970842282E-4
1.74996970842282E-4
1.74996970842282E-4
1.74996970842282E-4
1.74996970842282E-4
1.74996970842282E-4
1.74996970842282E-4
1.74996970842282E-4
1.74996970842282E-4
1.74996970842282E-4
1.74996970842282E-4
1.74996970842282E-4
1.74996970842282E-4
1.74996970842282E-4
1.74996970842282E-4
1.74996970842282E-4
1.74996970842282E-4
1.74996970842282E-4
1.74996970842282E-4
1.74996970842282E-4
1.74996970842282E-4
1.74996970842282E-4
1.74996970842282E-4
1.74996970842282E-4
1.74996970842282E-4
1.74996970842282E-4
1.74996970842282E-4
1.74996970842282E-4
1.74996970842282E-4
1.74996970842282E-4
1.74996970842282E-4
1.74996970842282E-4
1.74996970842282E-4
1.74996970842282E-4
1.74996970842282E-4
1.74996970842282E-4
1.74996970842282E-4
1.74996970842282E-4
1.74996970842282E-4
1.74996970842282E-4
1.74996970842282E-4
1.74996970842282E-4
1.74996970842282E-4
1.74996970842282E-4
1.74996970842282E-4
1.74996970842282E-4
1.74996970842282E-4
1.74996970842282E-4
1.74996970842282E-4
1.74996970842282E-4
1.74996970842282E-4
1.74996970842282E-4
1.74996970842282E-4
1.74996970842282E-4
1.74996970842282E-4
1.74996970842282E-4
1.74996970842282E-4
1.74996970842282E-4
1.74996970842282E-4
1.74996970842282E-4
1.74996970842282E-4
1.74996970842282E-4
1.74996970842282E-4
1.74996970842282E-4
1.74996970842282E-4
1.74996970842282E-4
1.74996970842282E-4
1.74996970842282E-4
1.74996970842282E-4
1.74996970842282E-4
1.74996970842282E-4
1.74996970842282E-4
1.74996970842282E-4
1.74996970842282E-4
1.74996970842282E-4
1.74996970842282E-4
1.74996970842282E-4
1.74996970842282E-4
1.74996970842282E-4
1.74996970842282E-4
1.74996970842282E-4
1.74996970842282E-4
1.74996970842282E-4
1.74996970842282E-4
1.74996970842282E-4
1.74996970842282E-4
1.74996970842282E-4
1.74996970842282E-4
1.74996970842282E-4
1.74996970842282E-4
1.74996970842282E-4
1.74996970842282E-4
1.74996970842282E-4
1.74996970842282E-4
1.74996970842282E-4
1.74996970842282E-4
1.74996970842282E-4
1.74996970842282E-4
1.74996970842282E-4
1.74996970842282E-4
1.74996970842282E-4
1.74996970842282E-4
1.74996970842282E-4
1.74996970842282E-4
1.74996970842282E-4
1.74996970842282E-4
1.74996970842282E-4
1.74996970842282E-4
1.74996970842282E-4
1.74996970842282E-4
1.74996970842282E-4
1.74996970842282E-4
1.74996970842282E-4
1.74996970842282E-4
1.74996970842282E-4
