6.789403424287836E-4
0.0
0.0
0.0
0.0012995726351315777
0.0
0.0
0.0
0.0
0.0
0.004860780093198022
0.0
0.0
0.0
0.0
0.054178929530705015
0.0
9.828010418762763E-5
0.0
0.0
0.0022786957599843544
0.0
0.0
0.0022786957599843544
0.0
0.0
0.0
0.0
2.6287893997505306E-4
0.0012870623885343471
0.002855924470350146
2.6287893997505306E-4
0.0
0.0
2.6287893997505306E-4
0.0
0.0
2.6287893997505306E-4
0.0
0.0
2.6287893997505306E-4
9.828010418762763E-5
0.0
2.6287893997505306E-4
0.0
0.0
2.6287893997505306E-4
0.0
0.0
2.6287893997505306E-4
0.0
0.0
2.6287893997505306E-4
2.6287893997505306E-4
2.7903732067594926E-5
2.6287893997505306E-4
4.0889292334516845E-4
2.6287893997505306E-4
2.6287893997505306E-4
0.0
2.6287893997505306E-4
2.6287893997505306E-4
0.0
2.6287893997505306E-4
2.6287893997505306E-4
0.0
2.6287893997505306E-4
2.6287893997505306E-4
0.0
2.6287893997505306E-4
2.6287893997505306E-4
9.828010418762763E-5
2.6287893997505306E-4
2.6287893997505306E-4
5.609332351014018E-4
2.6287893997505306E-4
2.6287893997505306E-4
0.0
2.6287893997505306E-4
2.6287893997505306E-4
2.7903732067594926E-5
2.6287893997505306E-4
2.6287893997505306E-4
2.6287893997505306E-4
2.6287893997505306E-4
2.6287893997505306E-4
2.6287893997505306E-4
2.6287893997505306E-4
2.6287893997505306E-4
2.6287893997505306E-4
2.6287893997505306E-4
2.6287893997505306E-4
2.6287893997505306E-4
2.6287893997505306E-4
2.6287893997505306E-4
2.6287893997505306E-4
2.6287893997505306E-4
2.6287893997505306E-4
2.6287893997505306E-4
2.6287893997505306E-4
2.6287893997505306E-4
2.6287893997505306E-4
2.6287893997505306E-4
2.6287893997505306E-4
2.6287893997505306E-4
2.6287893997505306E-4
2.6287893997505306E-4
2.6287893997505306E-4
2.6287893997505306E-4
2.6287893997505306E-4
2.6287893997505306E-4
2.6287893997505306E-4
2.6287893997505306E-4
2.6287893997505306E-4
2.6287893997505306E-4
2.6287893997505306E-4
2.6287893997505306E-4
2.6287893997505306E-4
2.6287893997505306E-4
2.6287893997505306E-4
2.6287893997505306E-4
2.6287893997505306E-4
2.6287893997505306E-4
2.6287893997505306E-4
2.6287893997505306E-4
2.6287893997505306E-4
2.6287893997505306E-4
2.6287893997505306E-4
2.6287893997505306E-4
2.6287893997505306E-4
2.6287893997505306E-4
2.6287893997505306E-4
2.6287893997505306E-4
2.6287893997505306E-4
2.6287893997505306E-4
2.6287893997505306E-4
2.6287893997505306E-4
2.6287893997505306E-4
2.6287893997505306E-4
2.6287893997505306E-4
2.6287893997505306E-4
2.6287893997505306E-4
2.6287893997505306E-4
2.6287893997505306E-4
2.6287893997505306E-4
2.6287893997505306E-4
2.6287893997505306E-4
2.6287893997505306E-4
2.6287893997505306E-4
2.6287893997505306E-4
2.6287893997505306E-4
2.6287893997505306E-4
2.6287893997505306E-4
2.6287893997505306E-4
2.6287893997505306E-4
2.6287893997505306E-4
2.6287893997505306E-4
2.6287893997505306E-4
2.6287893997505306E-4
2.6287893997505306E-4
2.6287893997505306E-4
2.6287893997505306E-4
2.6287893997505306E-4
2.6287893997505306E-4
2.6287893997505306E-4
2.6287893997505306E-4
2.6287893997505306E-4
2.6287893997505306E-4
2.6287893997505306E-4
2.6287893997505306E-4
2.6287893997505306E-4
2.6287893997505306E-4
2.6287893997505306E-4
2.6287893997505306E-4
2.6287893997505306E-4
2.6287893997505306E-4
2.6287893997505306E-4
2.6287893997505306E-4
2.6287893997505306E-4
2.6287893997505306E-4
2.6287893997505306E-4
2.6287893997505306E-4
2.6287893997505306E-4
2.6287893997505306E-4
2.6287893997505306E-4
2.6287893997505306E-4
2.6287893997505306E-4
2.6287893997505306E-4
2.6287893997505306E-4
2.6287893997505306E-4
2.6287893997505306E-4
2.6287893997505306E-4
2.6287893997505306E-4
2.6287893997505306E-4
2.6287893997505306E-4
2.6287893997505306E-4
2.6287893997505306E-4
2.6287893997505306E-4
2.6287893997505306E-4
2.6287893997505306E-4
2.6287893997505306E-4
2.6287893997505306E-4
2.6287893997505306E-4
2.6287893997505306E-4
2.6287893997505306E-4
2.6287893997505306E-4
2.6287893997505306E-4
2.6287893997505306E-4
2.6287893997505306E-4
2.6287893997505306E-4
2.6287893997505306E-4
2.6287893997505306E-4
2.6287893997505306E-4
2.6287893997505306E-4
2.6287893997505306E-4
2.6287893997505306E-4
2.6287893997505306E-4
2.6287893997505306E-4
2.6287893997505306E-4
2.6287893997505306E-4
2.6287893997505306E-4
2.6287893997505306E-4
2.6287893997505306E-4
2.6287893997505306E-4
