0.00940312589518726
0.0066354555000240605
1.7565723489193868E-4
1.7565723489193868E-4
5.478061308773855E-4
1.7565723489193868E-4
1.5557691319069514E-4
1.7565723489193868E-4
1.5557691319069514E-4
5.478061308773855E-4
1.5557691319069514E-4
1.5557691319069514E-4
2.805769181577489E-4
0.003584641951601952
5.478061308773855E-4
1.5557691319069514E-4
8.134108638235678E-4
0.001974241064939027
4.2661196008945507E-4
5.478061308773855E-4
5.478061308773855E-4
4.2661196008945507E-4
5.478061308773855E-4
5.478061308773855E-4
5.478061308773855E-4
5.478061308773855E-4
5.478061308773855E-4
5.478061308773855E-4
5.478061308773855E-4
5.478061308773855E-4
5.478061308773855E-4
5.478061308773855E-4
1.7565723489193868E-4
1.4746836871684839E-4
5.478061308773855E-4
0.0014526781267098462
1.4746836871684839E-4
5.478061308773855E-4
1.5557691319069514E-4
5.478061308773855E-4
3.6434658104553817E-4
0.0029284440039191394
1.7565723489193868E-4
5.478061308773855E-4
5.478061308773855E-4
0.012696132979666193
5.478061308773855E-4
4.2661196008945507E-4
0.001974241064939027
5.478061308773855E-4
0.001974241064939027
4.2661196008945507E-4
5.478061308773855E-4
5.478061308773855E-4
5.478061308773855E-4
5.478061308773855E-4
5.478061308773855E-4
5.478061308773855E-4
5.478061308773855E-4
5.478061308773855E-4
5.478061308773855E-4
5.478061308773855E-4
3.6907500762026755E-4
5.478061308773855E-4
5.478061308773855E-4
0.006329849773707489
0.0014775283246611555
5.478061308773855E-4
1.5557691319069514E-4
5.478061308773855E-4
1.7565723489193868E-4
0.0016568113409448416
5.478061308773855E-4
5.478061308773855E-4
5.478061308773855E-4
5.478061308773855E-4
5.478061308773855E-4
0.002806195350907122
5.478061308773855E-4
5.478061308773855E-4
8.359135050947467E-5
5.478061308773855E-4
5.478061308773855E-4
5.478061308773855E-4
5.478061308773855E-4
5.478061308773855E-4
5.478061308773855E-4
5.478061308773855E-4
5.478061308773855E-4
5.478061308773855E-4
5.478061308773855E-4
5.478061308773855E-4
5.478061308773855E-4
5.478061308773855E-4
5.478061308773855E-4
5.478061308773855E-4
5.478061308773855E-4
5.478061308773855E-4
5.478061308773855E-4
5.478061308773855E-4
5.478061308773855E-4
5.478061308773855E-4
5.478061308773855E-4
5.478061308773855E-4
5.478061308773855E-4
5.478061308773855E-4
5.478061308773855E-4
5.478061308773855E-4
5.478061308773855E-4
5.478061308773855E-4
5.478061308773855E-4
5.478061308773855E-4
5.478061308773855E-4
5.478061308773855E-4
