3.396954465036591E-5
3.396954465036591E-5
3.396954465036591E-5
3.396954465036591E-5
4.645393928512931E-5
3.396954465036591E-5
3.396954465036591E-5
3.396954465036591E-5
3.396954465036591E-5
4.645393928512931E-5
7.169946329668164E-5
3.396954465036591E-5
7.169946329668164E-5
3.396954465036591E-5
4.645393928512931E-5
3.396954465036591E-5
3.396954465036591E-5
3.396954465036591E-5
4.645393928512931E-5
4.645393928512931E-5
4.645393928512931E-5
4.645393928512931E-5
4.645393928512931E-5
4.645393928512931E-5
4.645393928512931E-5
4.645393928512931E-5
4.645393928512931E-5
4.645393928512931E-5
4.645393928512931E-5
4.645393928512931E-5
4.645393928512931E-5
4.645393928512931E-5
3.396954465036591E-5
3.396954465036591E-5
4.645393928512931E-5
3.396954465036591E-5
3.396954465036591E-5
4.645393928512931E-5
3.396954465036591E-5
4.645393928512931E-5
7.169946329668164E-5
3.396954465036591E-5
3.396954465036591E-5
4.645393928512931E-5
4.645393928512931E-5
3.396954465036591E-5
4.645393928512931E-5
4.645393928512931E-5
3.396954465036591E-5
4.645393928512931E-5
3.396954465036591E-5
0.09009324138363202
4.645393928512931E-5
4.645393928512931E-5
4.645393928512931E-5
4.645393928512931E-5
4.645393928512931E-5
4.645393928512931E-5
4.645393928512931E-5
4.645393928512931E-5
4.645393928512931E-5
4.645393928512931E-5
3.396954465036591E-5
4.645393928512931E-5
4.645393928512931E-5
3.396954465036591E-5
3.396954465036591E-5
4.645393928512931E-5
3.396954465036591E-5
4.645393928512931E-5
3.396954465036591E-5
3.396954465036591E-5
4.645393928512931E-5
4.645393928512931E-5
4.645393928512931E-5
4.645393928512931E-5
4.645393928512931E-5
3.396954465036591E-5
4.645393928512931E-5
4.645393928512931E-5
2.216066389034192E-4
4.645393928512931E-5
4.645393928512931E-5
4.645393928512931E-5
4.645393928512931E-5
4.645393928512931E-5
4.645393928512931E-5
4.645393928512931E-5
4.645393928512931E-5
4.645393928512931E-5
4.645393928512931E-5
4.645393928512931E-5
4.645393928512931E-5
4.645393928512931E-5
4.645393928512931E-5
4.645393928512931E-5
4.645393928512931E-5
4.645393928512931E-5
4.645393928512931E-5
4.645393928512931E-5
4.645393928512931E-5
4.645393928512931E-5
4.645393928512931E-5
4.645393928512931E-5
4.645393928512931E-5
4.645393928512931E-5
4.645393928512931E-5
4.645393928512931E-5
4.645393928512931E-5
4.645393928512931E-5
4.645393928512931E-5
4.645393928512931E-5
4.645393928512931E-5
4.645393928512931E-5
