3.396954465036591E-5
3.396954465036591E-5
3.396954465036591E-5
3.396954465036591E-5
8.418385793144505E-5
3.396954465036591E-5
7.169946329668164E-5
3.396954465036591E-5
7.169946329668164E-5
8.418385793144505E-5
7.169946329668164E-5
3.396954465036591E-5
7.169946329668164E-5
3.396954465036591E-5
8.418385793144505E-5
3.396954465036591E-5
3.396954465036591E-5
4.645393928512931E-5
4.645393928512931E-5
8.418385793144505E-5
8.418385793144505E-5
4.645393928512931E-5
8.418385793144505E-5
8.418385793144505E-5
8.418385793144505E-5
8.418385793144505E-5
8.418385793144505E-5
8.418385793144505E-5
8.418385793144505E-5
8.418385793144505E-5
8.418385793144505E-5
8.418385793144505E-5
3.396954465036591E-5
3.396954465036591E-5
8.418385793144505E-5
7.169946329668164E-5
3.396954465036591E-5
8.418385793144505E-5
3.396954465036591E-5
8.418385793144505E-5
7.169946329668164E-5
3.396954465036591E-5
3.396954465036591E-5
8.418385793144505E-5
8.418385793144505E-5
3.396954465036591E-5
8.418385793144505E-5
0.09009324138363202
3.396954465036591E-5
8.418385793144505E-5
1.4111240937684973E-4
4.645393928512931E-5
8.418385793144505E-5
8.418385793144505E-5
8.418385793144505E-5
8.418385793144505E-5
8.418385793144505E-5
8.418385793144505E-5
8.418385793144505E-5
8.418385793144505E-5
8.418385793144505E-5
8.418385793144505E-5
3.396954465036591E-5
8.418385793144505E-5
8.418385793144505E-5
3.396954465036591E-5
3.396954465036591E-5
8.418385793144505E-5
3.396954465036591E-5
8.418385793144505E-5
3.396954465036591E-5
3.396954465036591E-5
8.418385793144505E-5
8.418385793144505E-5
8.418385793144505E-5
8.418385793144505E-5
8.418385793144505E-5
3.396954465036591E-5
8.418385793144505E-5
8.418385793144505E-5
4.645393928512931E-5
8.418385793144505E-5
8.418385793144505E-5
8.418385793144505E-5
8.418385793144505E-5
8.418385793144505E-5
8.418385793144505E-5
8.418385793144505E-5
8.418385793144505E-5
8.418385793144505E-5
8.418385793144505E-5
8.418385793144505E-5
8.418385793144505E-5
8.418385793144505E-5
8.418385793144505E-5
8.418385793144505E-5
8.418385793144505E-5
8.418385793144505E-5
8.418385793144505E-5
8.418385793144505E-5
8.418385793144505E-5
8.418385793144505E-5
8.418385793144505E-5
8.418385793144505E-5
8.418385793144505E-5
8.418385793144505E-5
8.418385793144505E-5
8.418385793144505E-5
8.418385793144505E-5
8.418385793144505E-5
8.418385793144505E-5
8.418385793144505E-5
8.418385793144505E-5
8.418385793144505E-5
