3.396954465036591E-5
3.396954465036591E-5
3.396954465036591E-5
3.396954465036591E-5
3.396954465036591E-5
3.396954465036591E-5
3.396954465036591E-5
3.396954465036591E-5
3.396954465036591E-5
3.396954465036591E-5
3.396954465036591E-5
3.396954465036591E-5
3.396954465036591E-5
3.396954465036591E-5
3.396954465036591E-5
3.396954465036591E-5
3.396954465036591E-5
3.396954465036591E-5
3.396954465036591E-5
3.396954465036591E-5
3.396954465036591E-5
3.396954465036591E-5
3.396954465036591E-5
3.396954465036591E-5
3.396954465036591E-5
3.396954465036591E-5
3.396954465036591E-5
3.396954465036591E-5
3.396954465036591E-5
3.396954465036591E-5
3.396954465036591E-5
3.396954465036591E-5
3.396954465036591E-5
3.396954465036591E-5
3.396954465036591E-5
3.396954465036591E-5
3.396954465036591E-5
3.396954465036591E-5
3.396954465036591E-5
3.396954465036591E-5
8.418385793144505E-5
3.396954465036591E-5
3.396954465036591E-5
3.396954465036591E-5
3.396954465036591E-5
3.396954465036591E-5
3.396954465036591E-5
3.396954465036591E-5
3.396954465036591E-5
3.396954465036591E-5
3.396954465036591E-5
3.396954465036591E-5
3.396954465036591E-5
3.396954465036591E-5
3.396954465036591E-5
3.396954465036591E-5
3.396954465036591E-5
3.396954465036591E-5
3.396954465036591E-5
3.396954465036591E-5
3.396954465036591E-5
3.396954465036591E-5
3.396954465036591E-5
3.396954465036591E-5
3.396954465036591E-5
3.396954465036591E-5
3.396954465036591E-5
3.396954465036591E-5
3.396954465036591E-5
3.396954465036591E-5
3.396954465036591E-5
0.09009324138363202
3.396954465036591E-5
3.396954465036591E-5
3.396954465036591E-5
3.396954465036591E-5
3.396954465036591E-5
3.396954465036591E-5
3.396954465036591E-5
3.396954465036591E-5
3.396954465036591E-5
3.396954465036591E-5
3.396954465036591E-5
3.396954465036591E-5
3.396954465036591E-5
3.396954465036591E-5
3.396954465036591E-5
3.396954465036591E-5
3.396954465036591E-5
3.396954465036591E-5
3.396954465036591E-5
3.396954465036591E-5
3.396954465036591E-5
3.396954465036591E-5
3.396954465036591E-5
3.396954465036591E-5
3.396954465036591E-5
3.396954465036591E-5
3.396954465036591E-5
3.396954465036591E-5
3.396954465036591E-5
3.396954465036591E-5
3.396954465036591E-5
3.396954465036591E-5
3.396954465036591E-5
3.396954465036591E-5
3.396954465036591E-5
3.396954465036591E-5
3.396954465036591E-5
3.396954465036591E-5
3.396954465036591E-5
3.396954465036591E-5
3.396954465036591E-5
3.396954465036591E-5
