-0.4304259121417999
-0.4304259121417999
-0.4304259121417999
0.5216017961502075
-0.4304259121417999
-0.4304259121417999
-0.4304259121417999
-0.4304259121417999
-0.4304259121417999
-0.4304259121417999
-0.4304259121417999
-0.4304259121417999
-0.4304259121417999
-0.4304259121417999
-0.4304259121417999
-0.4304259121417999
-0.4304259121417999
-0.4304259121417999
-0.4304259121417999
-0.4304259121417999
-0.4304259121417999
-0.4304259121417999
-0.4304259121417999
-0.4304259121417999
-0.4304259121417999
-0.4304259121417999
-0.4304259121417999
-0.4304259121417999
-0.4304259121417999
-0.4304259121417999
-0.4304259121417999
-0.4304259121417999
-0.4304259121417999
-0.4304259121417999
-0.4304259121417999
-0.4304259121417999
-0.4304259121417999
-0.4304259121417999
-0.4304259121417999
-0.4304259121417999
-0.4304259121417999
-0.4304259121417999
-0.4304259121417999
-0.4304259121417999
-0.4304259121417999
-0.4304259121417999
-0.4304259121417999
-0.4304259121417999
-0.4304259121417999
-0.4304259121417999
-0.4304259121417999
-0.4304259121417999
-0.4304259121417999
-0.4304259121417999
-0.4304259121417999
-0.4304259121417999
-0.4304259121417999
-0.4304259121417999
-0.4304259121417999
-0.4304259121417999
-0.4304259121417999
-0.4304259121417999
-0.4304259121417999
-0.4304259121417999
-0.4304259121417999
-0.4304259121417999
-0.4304259121417999
-0.4304259121417999
-0.4304259121417999
-0.4304259121417999
-0.4304259121417999
-0.4304259121417999
-0.4304259121417999
-0.4304259121417999
-0.4304259121417999
-0.4304259121417999
-0.4304259121417999
-0.4304259121417999
-0.4304259121417999
-0.4304259121417999
-0.4304259121417999
-0.4304259121417999
-0.4304259121417999
-0.4304259121417999
-0.4304259121417999
-0.4304259121417999
-0.4304259121417999
-0.4304259121417999
-0.4304259121417999
-0.4304259121417999
-0.4304259121417999
-0.4304259121417999
-0.4304259121417999
-0.4304259121417999
-0.4304259121417999
-0.4304259121417999
-0.4304259121417999
-0.4304259121417999
-0.4304259121417999
-0.4304259121417999
-0.4304259121417999
-0.4304259121417999
-0.4304259121417999
-0.4304259121417999
-0.4304259121417999
-0.4304259121417999
-0.4304259121417999
-0.4304259121417999
-0.4304259121417999
-0.4304259121417999
-0.4304259121417999
-0.4304259121417999
-0.4304259121417999
-0.4304259121417999
