0.024393939599394798
9.311294784614195E-4
9.311294784614195E-4
9.311294784614195E-4
9.311294784614195E-4
9.311294784614195E-4
9.311294784614195E-4
9.311294784614195E-4
9.311294784614195E-4
9.311294784614195E-4
9.311294784614195E-4
9.311294784614195E-4
9.311294784614195E-4
9.311294784614195E-4
9.311294784614195E-4
9.311294784614195E-4
9.311294784614195E-4
9.311294784614195E-4
9.311294784614195E-4
9.311294784614195E-4
9.311294784614195E-4
9.311294784614195E-4
9.311294784614195E-4
9.311294784614195E-4
9.311294784614195E-4
0.024393939599394798
9.311294784614195E-4
9.311294784614195E-4
9.311294784614195E-4
9.311294784614195E-4
9.311294784614195E-4
9.311294784614195E-4
9.311294784614195E-4
9.311294784614195E-4
9.311294784614195E-4
9.311294784614195E-4
9.311294784614195E-4
9.311294784614195E-4
9.311294784614195E-4
9.311294784614195E-4
9.311294784614195E-4
9.311294784614195E-4
9.311294784614195E-4
9.311294784614195E-4
9.311294784614195E-4
9.311294784614195E-4
9.311294784614195E-4
9.311294784614195E-4
9.311294784614195E-4
9.311294784614195E-4
9.311294784614195E-4
9.311294784614195E-4
9.311294784614195E-4
9.311294784614195E-4
9.311294784614195E-4
9.311294784614195E-4
9.311294784614195E-4
