2.05395816010423E-4
0.0038831881538499147
0.0038831881538499147
0.0038831881538499147
0.0038831881538499147
0.0035376094238017686
0.0038831881538499147
0.0038831881538499147
9.497812570771202E-4
0.0038831881538499147
1.4354075392475352E-4
0.0038831881538499147
0.0038831881538499147
0.0038831881538499147
8.309693803312257E-4
0.0038831881538499147
0.0038831881538499147
0.0038831881538499147
0.0038831881538499147
0.0038831881538499147
0.0038831881538499147
1.4354075392475352E-4
0.0038831881538499147
0.0038831881538499147
0.0010755188850453123
0.0038831881538499147
8.344459638465196E-5
0.0038831881538499147
0.0038831881538499147
0.0038831881538499147
0.0038831881538499147
0.0038831881538499147
