2.05395816010423E-4
5.634446133626625E-4
5.634446133626625E-4
5.634446133626625E-4
5.634446133626625E-4
0.0035376094238017686
5.634446133626625E-4
5.634446133626625E-4
8.344459638465196E-5
5.634446133626625E-4
0.06264354168524733
5.784941167803481E-4
5.634446133626625E-4
5.634446133626625E-4
8.344459638465196E-5
5.634446133626625E-4
5.634446133626625E-4
5.634446133626625E-4
5.634446133626625E-4
5.634446133626625E-4
5.634446133626625E-4
1.4354075392475352E-4
5.634446133626625E-4
5.634446133626625E-4
2.6730313402367756E-4
5.634446133626625E-4
8.344459638465196E-5
5.634446133626625E-4
5.634446133626625E-4
5.634446133626625E-4
8.344459638465196E-5
5.634446133626625E-4
