2.05395816010423E-4
0.003933267114916816
0.003933267114916816
0.003933267114916816
0.003933267114916816
3.2915819610934705E-4
0.003933267114916816
0.003933267114916816
8.344459638465196E-5
0.003933267114916816
0.012707207162748091
0.003933267114916816
0.003933267114916816
0.003933267114916816
1.4354075392475352E-4
0.003933267114916816
0.003933267114916816
0.003933267114916816
0.003933267114916816
0.003933267114916816
0.003933267114916816
0.003933267114916816
0.003933267114916816
0.003933267114916816
8.344459638465196E-5
0.003933267114916816
3.2915819610934705E-4
0.003933267114916816
0.003933267114916816
0.003933267114916816
8.344459638465196E-5
0.003933267114916816
