2.05395816010423E-4
0.003880674805259332
0.003880674805259332
0.003880674805259332
0.003880674805259332
0.003880674805259332
0.003880674805259332
0.003880674805259332
0.003880674805259332
0.003880674805259332
0.003880674805259332
0.003880674805259332
0.003880674805259332
0.003880674805259332
0.003880674805259332
0.003880674805259332
0.003880674805259332
0.003880674805259332
0.003880674805259332
0.003880674805259332
0.003880674805259332
8.344459638465196E-5
0.003880674805259332
0.003880674805259332
8.344459638465196E-5
0.003880674805259332
8.344459638465196E-5
0.003880674805259332
0.003880674805259332
0.003880674805259332
0.003880674805259332
0.003880674805259332
