0.05237255009512107
0.0010728426898519198
0.0010728426898519198
0.0010728426898519198
0.0010728426898519198
0.0010728426898519198
0.0010728426898519198
0.0010728426898519198
0.0
0.0010728426898519198
0.0
0.0
0.0010728426898519198
0.0010728426898519198
0.0010728426898519198
0.0010728426898519198
0.0010728426898519198
0.0010728426898519198
0.0010728426898519198
0.0010728426898519198
0.0010728426898519198
0.0010728426898519198
0.0010728426898519198
0.0010728426898519198
0.0010728426898519198
0.0010728426898519198
0.0010728426898519198
0.0010728426898519198
0.0010728426898519198
0.0010728426898519198
0.0010728426898519198
0.0010728426898519198
0.0010728426898519198
0.0010728426898519198
0.0010728426898519198
0.0010728426898519198
0.0010728426898519198
0.0010728426898519198
0.0010728426898519198
0.0010728426898519198
0.0010728426898519198
0.0010728426898519198
0.0010728426898519198
0.0010728426898519198
0.0010728426898519198
0.0010728426898519198
0.0010728426898519198
0.0010728426898519198
0.0010728426898519198
0.0010728426898519198
0.0010728426898519198
0.0010728426898519198
0.0010728426898519198
0.0010728426898519198
0.0010728426898519198
0.0010728426898519198
0.0010728426898519198
0.0010728426898519198
0.0010728426898519198
0.0010728426898519198
0.0010728426898519198
0.0010728426898519198
0.0010728426898519198
0.0010728426898519198
0.0010728426898519198
0.0010728426898519198
0.0010728426898519198
0.0010728426898519198
0.0010728426898519198
0.0010728426898519198
0.0010728426898519198
0.0010728426898519198
0.0010728426898519198
0.0010728426898519198
0.0010728426898519198
0.0010728426898519198
0.0010728426898519198
0.0010728426898519198
0.0010728426898519198
0.0010728426898519198
0.0010728426898519198
