0.024148775450885295
0.0010728426898519198
0.0010728426898519198
0.0010728426898519198
0.0010728426898519198
0.0010728426898519198
0.0
0.006952381071945031
0.0010728426898519198
0.0010728426898519198
0.0010728426898519198
0.0
0.0
0.0010728426898519198
0.0010728426898519198
0.0010728426898519198
0.0010728426898519198
0.0010728426898519198
0.0010728426898519198
0.0010728426898519198
0.0010728426898519198
0.0010728426898519198
0.0010728426898519198
0.0010728426898519198
0.0010728426898519198
0.0010728426898519198
0.0010728426898519198
0.0010728426898519198
0.0010728426898519198
0.0010728426898519198
0.0010728426898519198
0.0010728426898519198
0.0010728426898519198
0.0010728426898519198
0.0010728426898519198
0.0010728426898519198
0.0010728426898519198
0.0010728426898519198
0.0010728426898519198
0.0010728426898519198
0.0010728426898519198
0.0010728426898519198
0.0010728426898519198
0.0010728426898519198
0.0010728426898519198
0.0010728426898519198
0.0010728426898519198
0.0010728426898519198
0.0010728426898519198
0.0010728426898519198
0.0010728426898519198
0.0010728426898519198
0.0010728426898519198
0.0010728426898519198
0.0010728426898519198
0.0010728426898519198
0.0010728426898519198
0.0010728426898519198
0.0010728426898519198
0.0010728426898519198
0.0010728426898519198
0.0010728426898519198
0.0010728426898519198
0.0010728426898519198
0.0010728426898519198
0.0010728426898519198
0.0010728426898519198
0.0010728426898519198
0.0010728426898519198
0.0010728426898519198
0.0010728426898519198
0.0010728426898519198
0.0010728426898519198
0.0010728426898519198
0.0010728426898519198
0.0010728426898519198
0.0010728426898519198
0.0010728426898519198
0.0010728426898519198
0.0010728426898519198
0.0010728426898519198
