0.017482108684877554
0.0010728426898519198
0.0010728426898519198
0.0010728426898519198
0.0010728426898519198
0.0010728426898519198
0.0010728426898519198
0.0010728426898519198
0.0
0.0
0.0010728426898519198
0.0
0.0010728426898519198
0.0010728426898519198
0.0
0.0010728426898519198
0.0010728426898519198
0.0010728426898519198
0.0010728426898519198
0.0010728426898519198
0.0010728426898519198
0.0010728426898519198
0.0010728426898519198
0.0010728426898519198
0.0010728426898519198
0.0
0.001176470642288526
0.0010728426898519198
0.0010728426898519198
0.0010728426898519198
0.0010728426898519198
0.0010728426898519198
0.0010728426898519198
0.0010728426898519198
0.0010728426898519198
0.0010728426898519198
0.0010728426898519198
0.0010728426898519198
0.0010728426898519198
0.0010728426898519198
0.0010728426898519198
0.0010728426898519198
0.0010728426898519198
0.0010728426898519198
0.0010728426898519198
0.0010728426898519198
0.0010728426898519198
0.0010728426898519198
0.0010728426898519198
0.0010728426898519198
0.0010728426898519198
0.0010728426898519198
0.0010728426898519198
0.0010728426898519198
0.0010728426898519198
0.0010728426898519198
0.0010728426898519198
0.0010728426898519198
0.0010728426898519198
0.0010728426898519198
0.0010728426898519198
0.0010728426898519198
0.0010728426898519198
0.0010728426898519198
0.0010728426898519198
0.0010728426898519198
0.0010728426898519198
0.0010728426898519198
0.0010728426898519198
0.0010728426898519198
0.0010728426898519198
0.0010728426898519198
0.0010728426898519198
0.0010728426898519198
0.0010728426898519198
0.0010728426898519198
0.0010728426898519198
0.0010728426898519198
0.0010728426898519198
0.0010728426898519198
0.0010728426898519198
