0.01362834960843126
0.0010728426898519198
0.0010728426898519198
0.0010728426898519198
0.0010728426898519198
0.0010728426898519198
0.0010728426898519198
0.0010728426898519198
0.0010728426898519198
0.0010728426898519198
0.0
0.0
0.0
0.0010728426898519198
0.0010728426898519198
0.0010728426898519198
0.0010728426898519198
0.0010728426898519198
0.0010728426898519198
0.0010728426898519198
0.0010728426898519198
0.0010728426898519198
0.0010728426898519198
0.0010728426898519198
0.0010728426898519198
0.0010728426898519198
0.0010728426898519198
0.0010728426898519198
0.0010728426898519198
0.0010728426898519198
0.0010728426898519198
0.0010728426898519198
0.0010728426898519198
0.0010728426898519198
0.0010728426898519198
0.0010728426898519198
0.0010728426898519198
0.0010728426898519198
0.0010728426898519198
0.0010728426898519198
0.0010728426898519198
0.0010728426898519198
0.0010728426898519198
0.0010728426898519198
0.0010728426898519198
0.0010728426898519198
0.0010728426898519198
0.0010728426898519198
0.0010728426898519198
0.0010728426898519198
0.0010728426898519198
0.0010728426898519198
0.0010728426898519198
0.0010728426898519198
0.0010728426898519198
0.0010728426898519198
0.0010728426898519198
0.0010728426898519198
0.0010728426898519198
0.0010728426898519198
0.0010728426898519198
0.0010728426898519198
0.0010728426898519198
0.0010728426898519198
0.0010728426898519198
0.0010728426898519198
0.0010728426898519198
0.0010728426898519198
0.0010728426898519198
0.0010728426898519198
0.0010728426898519198
0.0010728426898519198
0.0010728426898519198
0.0010728426898519198
0.0010728426898519198
0.0010728426898519198
0.0010728426898519198
0.0010728426898519198
0.0010728426898519198
0.0010728426898519198
0.0010728426898519198
