0.003395819047000259
1.2654012534767388E-4
2.2402351023629308E-4
1.7402350980167587E-4
2.581598702818155E-4
1.2654012534767388E-4
2.2402351023629308E-4
0.08679320808344831
1.2654012534767388E-4
2.581598702818155E-4
1.2654012534767388E-4
1.2654012534767388E-4
1.2654012534767388E-4
1.2654012534767388E-4
2.581598702818155E-4
2.0293359993956984E-4
4.932033965208878E-4
4.932033965208878E-4
1.757428942558666E-4
2.581598702818155E-4
2.581598702818155E-4
1.757428942558666E-4
2.581598702818155E-4
2.581598702818155E-4
2.581598702818155E-4
2.581598702818155E-4
2.581598702818155E-4
2.581598702818155E-4
2.581598702818155E-4
2.581598702818155E-4
2.581598702818155E-4
2.581598702818155E-4
2.2402351023629308E-4
1.7402350980167587E-4
2.581598702818155E-4
2.2402351023629308E-4
1.2654012534767388E-4
2.581598702818155E-4
1.2654012534767388E-4
2.581598702818155E-4
1.2654012534767388E-4
1.2654012534767388E-4
1.2654012534767388E-4
2.581598702818155E-4
2.581598702818155E-4
0.002326854543449978
2.581598702818155E-4
1.757428942558666E-4
1.757428942558666E-4
2.581598702818155E-4
4.932033965208878E-4
1.757428942558666E-4
2.581598702818155E-4
2.581598702818155E-4
2.581598702818155E-4
2.581598702818155E-4
2.581598702818155E-4
2.581598702818155E-4
2.581598702818155E-4
2.581598702818155E-4
2.581598702818155E-4
2.581598702818155E-4
1.2654012534767388E-4
2.581598702818155E-4
2.581598702818155E-4
2.322476745272676E-4
2.322476745272676E-4
2.581598702818155E-4
1.2654012534767388E-4
2.581598702818155E-4
1.2654012534767388E-4
1.2654012534767388E-4
2.581598702818155E-4
2.581598702818155E-4
2.581598702818155E-4
2.581598702818155E-4
2.581598702818155E-4
8.426022483035922E-4
2.581598702818155E-4
2.581598702818155E-4
2.0293359993956984E-4
2.581598702818155E-4
2.581598702818155E-4
2.581598702818155E-4
2.581598702818155E-4
2.581598702818155E-4
2.581598702818155E-4
2.581598702818155E-4
2.581598702818155E-4
2.581598702818155E-4
2.581598702818155E-4
2.581598702818155E-4
2.581598702818155E-4
2.581598702818155E-4
2.581598702818155E-4
2.581598702818155E-4
2.581598702818155E-4
2.581598702818155E-4
2.581598702818155E-4
2.581598702818155E-4
2.581598702818155E-4
2.581598702818155E-4
2.581598702818155E-4
2.581598702818155E-4
2.581598702818155E-4
2.581598702818155E-4
2.581598702818155E-4
2.581598702818155E-4
2.581598702818155E-4
2.581598702818155E-4
2.581598702818155E-4
2.581598702818155E-4
2.581598702818155E-4
2.581598702818155E-4
