0.009741972980555147
1.2654012534767388E-4
2.2402351023629308E-4
2.2402351023629308E-4
3.6630947433877734E-4
1.2654012534767388E-4
6.399203169470032E-4
1.2654012534767388E-4
1.2654012534767388E-4
3.6630947433877734E-4
1.2654012534767388E-4
1.2654012534767388E-4
1.2654012534767388E-4
1.2654012534767388E-4
3.6630947433877734E-4
2.1687436383217574E-4
2.3561221120568614E-4
2.3561221120568614E-4
2.3561221120568614E-4
3.6630947433877734E-4
3.6630947433877734E-4
2.3561221120568614E-4
3.6630947433877734E-4
3.6630947433877734E-4
3.6630947433877734E-4
3.6630947433877734E-4
3.6630947433877734E-4
3.6630947433877734E-4
3.6630947433877734E-4
3.6630947433877734E-4
3.6630947433877734E-4
3.6630947433877734E-4
2.322476745272676E-4
1.2654012534767388E-4
3.6630947433877734E-4
0.09345987484945605
3.8863257116948565E-4
3.6630947433877734E-4
1.2654012534767388E-4
3.6630947433877734E-4
1.2654012534767388E-4
1.2654012534767388E-4
1.2654012534767388E-4
3.6630947433877734E-4
3.6630947433877734E-4
0.0
3.6630947433877734E-4
2.3561221120568614E-4
2.3561221120568614E-4
3.6630947433877734E-4
2.3561221120568614E-4
2.3561221120568614E-4
3.6630947433877734E-4
3.6630947433877734E-4
3.6630947433877734E-4
3.6630947433877734E-4
3.6630947433877734E-4
3.6630947433877734E-4
3.6630947433877734E-4
3.6630947433877734E-4
3.6630947433877734E-4
3.6630947433877734E-4
1.2654012534767388E-4
3.6630947433877734E-4
3.6630947433877734E-4
0.0068989144405350086
2.2402351023629308E-4
3.6630947433877734E-4
1.2654012534767388E-4
3.6630947433877734E-4
1.2654012534767388E-4
1.2654012534767388E-4
3.6630947433877734E-4
3.6630947433877734E-4
3.6630947433877734E-4
3.6630947433877734E-4
3.6630947433877734E-4
2.3561221120568614E-4
3.6630947433877734E-4
3.6630947433877734E-4
3.6630947433877734E-4
3.6630947433877734E-4
3.6630947433877734E-4
3.6630947433877734E-4
3.6630947433877734E-4
3.6630947433877734E-4
3.6630947433877734E-4
3.6630947433877734E-4
3.6630947433877734E-4
3.6630947433877734E-4
3.6630947433877734E-4
3.6630947433877734E-4
3.6630947433877734E-4
3.6630947433877734E-4
3.6630947433877734E-4
3.6630947433877734E-4
3.6630947433877734E-4
3.6630947433877734E-4
3.6630947433877734E-4
3.6630947433877734E-4
3.6630947433877734E-4
3.6630947433877734E-4
3.6630947433877734E-4
3.6630947433877734E-4
3.6630947433877734E-4
3.6630947433877734E-4
3.6630947433877734E-4
3.6630947433877734E-4
3.6630947433877734E-4
3.6630947433877734E-4
3.6630947433877734E-4
3.6630947433877734E-4
3.6630947433877734E-4
3.6630947433877734E-4
