0.0021778222639113665
1.2654012534767388E-4
2.2402351023629308E-4
0.09345987484945605
2.581598702818155E-4
1.2654012534767388E-4
1.2654012534767388E-4
1.2654012534767388E-4
1.2654012534767388E-4
2.581598702818155E-4
1.2654012534767388E-4
1.2654012534767388E-4
1.2654012534767388E-4
1.2654012534767388E-4
2.581598702818155E-4
0.0034737885852033894
3.0356028873939066E-4
3.0356028873939066E-4
3.0356028873939066E-4
2.581598702818155E-4
2.581598702818155E-4
2.581598702818155E-4
2.581598702818155E-4
2.581598702818155E-4
2.581598702818155E-4
2.581598702818155E-4
2.581598702818155E-4
2.581598702818155E-4
2.581598702818155E-4
2.581598702818155E-4
2.581598702818155E-4
2.581598702818155E-4
1.7402350980167587E-4
1.8476429007326564E-4
2.581598702818155E-4
3.1070219508061805E-4
1.2654012534767388E-4
2.581598702818155E-4
1.2654012534767388E-4
2.581598702818155E-4
1.2654012534767388E-4
1.2654012534767388E-4
1.2654012534767388E-4
2.581598702818155E-4
2.581598702818155E-4
0.0034737885852033894
2.581598702818155E-4
3.0356028873939066E-4
3.0356028873939066E-4
2.581598702818155E-4
3.0356028873939066E-4
2.581598702818155E-4
2.581598702818155E-4
2.581598702818155E-4
2.581598702818155E-4
2.581598702818155E-4
2.581598702818155E-4
2.581598702818155E-4
2.581598702818155E-4
2.581598702818155E-4
2.581598702818155E-4
2.581598702818155E-4
1.8476429007326564E-4
2.581598702818155E-4
2.581598702818155E-4
2.2402351023629308E-4
1.2654012534767388E-4
2.581598702818155E-4
1.2654012534767388E-4
2.581598702818155E-4
1.2654012534767388E-4
1.2654012534767388E-4
2.581598702818155E-4
2.581598702818155E-4
2.581598702818155E-4
2.581598702818155E-4
2.581598702818155E-4
4.8465993410597245E-4
2.581598702818155E-4
2.581598702818155E-4
2.581598702818155E-4
2.581598702818155E-4
2.581598702818155E-4
2.581598702818155E-4
2.581598702818155E-4
2.581598702818155E-4
2.581598702818155E-4
2.581598702818155E-4
2.581598702818155E-4
2.581598702818155E-4
2.581598702818155E-4
2.581598702818155E-4
2.581598702818155E-4
2.581598702818155E-4
2.581598702818155E-4
2.581598702818155E-4
2.581598702818155E-4
2.581598702818155E-4
2.581598702818155E-4
2.581598702818155E-4
2.581598702818155E-4
2.581598702818155E-4
2.581598702818155E-4
2.581598702818155E-4
2.581598702818155E-4
2.581598702818155E-4
2.581598702818155E-4
2.581598702818155E-4
2.581598702818155E-4
2.581598702818155E-4
2.581598702818155E-4
2.581598702818155E-4
2.581598702818155E-4
2.581598702818155E-4
