0.0021778222639113665
1.2654012534767388E-4
1.2654012534767388E-4
2.2402351023629308E-4
3.946235025068745E-4
1.2654012534767388E-4
1.2654012534767388E-4
1.2654012534767388E-4
1.2654012534767388E-4
3.946235025068745E-4
1.2654012534767388E-4
1.2654012534767388E-4
1.7402350980167587E-4
1.2654012534767388E-4
3.946235025068745E-4
8.128146563346187E-4
0.0
8.128146563346187E-4
0.0
3.946235025068745E-4
3.946235025068745E-4
3.946235025068745E-4
3.946235025068745E-4
3.946235025068745E-4
3.946235025068745E-4
3.946235025068745E-4
3.946235025068745E-4
3.946235025068745E-4
3.946235025068745E-4
3.946235025068745E-4
3.946235025068745E-4
3.946235025068745E-4
2.2402351023629308E-4
1.7402350980167587E-4
3.946235025068745E-4
2.2402351023629308E-4
1.2654012534767388E-4
3.946235025068745E-4
1.2654012534767388E-4
3.946235025068745E-4
3.1070219508061805E-4
1.2654012534767388E-4
1.2654012534767388E-4
3.946235025068745E-4
3.946235025068745E-4
1.2654012534767388E-4
3.946235025068745E-4
0.0
4.8465993410597245E-4
3.946235025068745E-4
8.128146563346187E-4
0.08253102888508389
3.946235025068745E-4
3.946235025068745E-4
3.946235025068745E-4
3.946235025068745E-4
3.946235025068745E-4
3.946235025068745E-4
3.946235025068745E-4
3.946235025068745E-4
3.946235025068745E-4
3.946235025068745E-4
1.2654012534767388E-4
3.946235025068745E-4
3.946235025068745E-4
2.2402351023629308E-4
2.322476745272676E-4
3.946235025068745E-4
1.2654012534767388E-4
3.946235025068745E-4
1.2654012534767388E-4
1.2654012534767388E-4
3.946235025068745E-4
3.946235025068745E-4
3.946235025068745E-4
3.946235025068745E-4
3.946235025068745E-4
6.862745309869448E-4
3.946235025068745E-4
3.946235025068745E-4
0.0
3.946235025068745E-4
3.946235025068745E-4
3.946235025068745E-4
3.946235025068745E-4
3.946235025068745E-4
3.946235025068745E-4
3.946235025068745E-4
3.946235025068745E-4
3.946235025068745E-4
3.946235025068745E-4
3.946235025068745E-4
3.946235025068745E-4
3.946235025068745E-4
3.946235025068745E-4
3.946235025068745E-4
3.946235025068745E-4
3.946235025068745E-4
3.946235025068745E-4
3.946235025068745E-4
3.946235025068745E-4
3.946235025068745E-4
3.946235025068745E-4
3.946235025068745E-4
3.946235025068745E-4
3.946235025068745E-4
3.946235025068745E-4
3.946235025068745E-4
3.946235025068745E-4
3.946235025068745E-4
3.946235025068745E-4
3.946235025068745E-4
3.946235025068745E-4
3.946235025068745E-4
