0.003395819047000259
1.2654012534767388E-4
2.2402351023629308E-4
2.2402351023629308E-4
2.581598702818155E-4
1.2654012534767388E-4
1.2654012534767388E-4
1.2654012534767388E-4
1.2654012534767388E-4
2.581598702818155E-4
1.2654012534767388E-4
8.128146563346187E-4
1.2654012534767388E-4
1.2654012534767388E-4
2.581598702818155E-4
9.033423848450183E-5
0.001254396914737299
2.647955087013543E-4
2.919862143850575E-4
2.581598702818155E-4
2.581598702818155E-4
2.919862143850575E-4
2.581598702818155E-4
2.581598702818155E-4
2.581598702818155E-4
2.581598702818155E-4
2.581598702818155E-4
2.581598702818155E-4
2.581598702818155E-4
2.581598702818155E-4
2.581598702818155E-4
2.581598702818155E-4
2.322476745272676E-4
1.8476429007326564E-4
2.581598702818155E-4
2.2402351023629308E-4
1.2654012534767388E-4
2.581598702818155E-4
1.2654012534767388E-4
2.581598702818155E-4
3.1070219508061805E-4
1.2654012534767388E-4
1.2654012534767388E-4
2.581598702818155E-4
2.581598702818155E-4
0.0
2.581598702818155E-4
2.919862143850575E-4
5.138432316016406E-4
2.581598702818155E-4
2.647955087013543E-4
2.919862143850575E-4
2.581598702818155E-4
2.581598702818155E-4
2.581598702818155E-4
2.581598702818155E-4
2.581598702818155E-4
2.581598702818155E-4
2.581598702818155E-4
2.581598702818155E-4
2.581598702818155E-4
2.581598702818155E-4
1.2654012534767388E-4
2.581598702818155E-4
2.581598702818155E-4
2.322476745272676E-4
2.322476745272676E-4
2.581598702818155E-4
1.2654012534767388E-4
2.581598702818155E-4
1.2654012534767388E-4
0.09345987484945605
2.581598702818155E-4
2.581598702818155E-4
2.581598702818155E-4
2.581598702818155E-4
2.581598702818155E-4
0.001254396914737299
2.581598702818155E-4
2.581598702818155E-4
2.919862143850575E-4
2.581598702818155E-4
2.581598702818155E-4
2.581598702818155E-4
2.581598702818155E-4
2.581598702818155E-4
2.581598702818155E-4
2.581598702818155E-4
2.581598702818155E-4
2.581598702818155E-4
2.581598702818155E-4
2.581598702818155E-4
2.581598702818155E-4
2.581598702818155E-4
2.581598702818155E-4
2.581598702818155E-4
2.581598702818155E-4
2.581598702818155E-4
2.581598702818155E-4
2.581598702818155E-4
2.581598702818155E-4
2.581598702818155E-4
2.581598702818155E-4
2.581598702818155E-4
2.581598702818155E-4
2.581598702818155E-4
2.581598702818155E-4
2.581598702818155E-4
2.581598702818155E-4
2.581598702818155E-4
2.581598702818155E-4
2.581598702818155E-4
2.581598702818155E-4
2.581598702818155E-4
