0.0021778222639113665
1.2654012534767388E-4
2.2402351023629308E-4
2.2402351023629308E-4
3.946235025068745E-4
1.2654012534767388E-4
1.2654012534767388E-4
1.2654012534767388E-4
1.2654012534767388E-4
3.946235025068745E-4
1.2654012534767388E-4
1.2654012534767388E-4
1.7402350980167587E-4
1.2654012534767388E-4
3.946235025068745E-4
8.128146563346187E-4
0.001254396914737299
3.0356028873939066E-4
3.0356028873939066E-4
3.946235025068745E-4
3.946235025068745E-4
3.0356028873939066E-4
3.946235025068745E-4
3.946235025068745E-4
3.946235025068745E-4
3.946235025068745E-4
3.946235025068745E-4
3.946235025068745E-4
3.946235025068745E-4
3.946235025068745E-4
3.946235025068745E-4
3.946235025068745E-4
2.2402351023629308E-4
1.7402350980167587E-4
3.946235025068745E-4
2.2402351023629308E-4
1.2654012534767388E-4
3.946235025068745E-4
1.2654012534767388E-4
3.946235025068745E-4
3.1070219508061805E-4
1.2654012534767388E-4
1.2654012534767388E-4
3.946235025068745E-4
3.946235025068745E-4
1.2654012534767388E-4
3.946235025068745E-4
0.08253102888508389
5.138432316016406E-4
3.946235025068745E-4
2.8493649636705717E-4
3.0356028873939066E-4
3.946235025068745E-4
3.946235025068745E-4
3.946235025068745E-4
3.946235025068745E-4
3.946235025068745E-4
3.946235025068745E-4
3.946235025068745E-4
3.946235025068745E-4
3.946235025068745E-4
3.946235025068745E-4
1.2654012534767388E-4
3.946235025068745E-4
3.946235025068745E-4
1.7402350980167587E-4
2.322476745272676E-4
3.946235025068745E-4
1.2654012534767388E-4
3.946235025068745E-4
1.2654012534767388E-4
1.2654012534767388E-4
3.946235025068745E-4
3.946235025068745E-4
3.946235025068745E-4
3.946235025068745E-4
3.946235025068745E-4
6.862745309869448E-4
3.946235025068745E-4
3.946235025068745E-4
3.0356028873939066E-4
3.946235025068745E-4
3.946235025068745E-4
3.946235025068745E-4
3.946235025068745E-4
3.946235025068745E-4
3.946235025068745E-4
3.946235025068745E-4
3.946235025068745E-4
3.946235025068745E-4
3.946235025068745E-4
3.946235025068745E-4
3.946235025068745E-4
3.946235025068745E-4
3.946235025068745E-4
3.946235025068745E-4
3.946235025068745E-4
3.946235025068745E-4
3.946235025068745E-4
3.946235025068745E-4
3.946235025068745E-4
3.946235025068745E-4
3.946235025068745E-4
3.946235025068745E-4
3.946235025068745E-4
3.946235025068745E-4
3.946235025068745E-4
3.946235025068745E-4
3.946235025068745E-4
3.946235025068745E-4
3.946235025068745E-4
3.946235025068745E-4
3.946235025068745E-4
3.946235025068745E-4
