0.004409744873798142
0.004407573499095937
1.2654012534767388E-4
2.2402351023629308E-4
4.549245194842418E-4
1.2654012534767388E-4
1.2654012534767388E-4
1.2654012534767388E-4
1.2654012534767388E-4
4.549245194842418E-4
1.2654012534767388E-4
1.2654012534767388E-4
2.2402351023629308E-4
0.005403334267127017
4.549245194842418E-4
8.128146563346187E-4
8.426022483035922E-4
0.0018735001717383663
5.44227699477536E-4
4.549245194842418E-4
4.549245194842418E-4
5.44227699477536E-4
4.549245194842418E-4
4.549245194842418E-4
4.549245194842418E-4
4.549245194842418E-4
4.549245194842418E-4
4.549245194842418E-4
4.549245194842418E-4
4.549245194842418E-4
4.549245194842418E-4
4.549245194842418E-4
2.2402351023629308E-4
1.7402350980167587E-4
4.549245194842418E-4
0.0014839225720303755
1.2654012534767388E-4
4.549245194842418E-4
1.2654012534767388E-4
4.549245194842418E-4
3.1070219508061805E-4
0.0030777533538639545
1.2654012534767388E-4
4.549245194842418E-4
4.549245194842418E-4
0.014539722997384767
4.549245194842418E-4
5.44227699477536E-4
0.0018735001717383663
4.549245194842418E-4
0.0018735001717383663
5.44227699477536E-4
4.549245194842418E-4
4.549245194842418E-4
4.549245194842418E-4
4.549245194842418E-4
4.549245194842418E-4
4.549245194842418E-4
4.549245194842418E-4
4.549245194842418E-4
4.549245194842418E-4
4.549245194842418E-4
1.2654012534767388E-4
4.549245194842418E-4
4.549245194842418E-4
0.006201663555111736
2.322476745272676E-4
4.549245194842418E-4
1.2654012534767388E-4
4.549245194842418E-4
2.4999692104756834E-4
0.0013758725253865123
4.549245194842418E-4
4.549245194842418E-4
4.549245194842418E-4
4.549245194842418E-4
4.549245194842418E-4
0.00321332016804566
4.549245194842418E-4
4.549245194842418E-4
3.0356028873939066E-4
4.549245194842418E-4
4.549245194842418E-4
4.549245194842418E-4
4.549245194842418E-4
4.549245194842418E-4
4.549245194842418E-4
4.549245194842418E-4
4.549245194842418E-4
4.549245194842418E-4
4.549245194842418E-4
4.549245194842418E-4
4.549245194842418E-4
4.549245194842418E-4
4.549245194842418E-4
4.549245194842418E-4
4.549245194842418E-4
4.549245194842418E-4
4.549245194842418E-4
4.549245194842418E-4
4.549245194842418E-4
4.549245194842418E-4
4.549245194842418E-4
4.549245194842418E-4
4.549245194842418E-4
4.549245194842418E-4
4.549245194842418E-4
4.549245194842418E-4
4.549245194842418E-4
4.549245194842418E-4
4.549245194842418E-4
4.549245194842418E-4
4.549245194842418E-4
4.549245194842418E-4
