6.686868922164043E-4
6.686868922164043E-4
0.0
0.0
0.0014666667208075523
0.0
0.0
0.0
0.0
0.0
0.0
0.0
2.7210883175333343E-4
0.0
0.0
0.0
0.0
6.872852488110463E-5
0.0
0.0
0.03143323060745994
0.0
0.0
3.369816219977414E-4
0.0
0.0
0.0
0.0
3.369816219977414E-4
0.0
0.0015333333906407157
3.369816219977414E-4
1.346801407635212E-4
6.666666983316342E-5
3.369816219977414E-4
0.0
0.0
3.369816219977414E-4
0.0
0.0
3.369816219977414E-4
0.0
0.0
3.369816219977414E-4
7.017544315507015E-5
0.0
3.369816219977414E-4
0.0
0.0
3.369816219977414E-4
3.369816219977414E-4
0.0
3.369816219977414E-4
3.369816219977414E-4
3.369816219977414E-4
3.369816219977414E-4
0.0
3.369816219977414E-4
3.369816219977414E-4
0.0
3.369816219977414E-4
3.369816219977414E-4
0.0
3.369816219977414E-4
3.369816219977414E-4
2.7210883175333343E-4
3.369816219977414E-4
3.369816219977414E-4
0.0
3.369816219977414E-4
3.369816219977414E-4
0.0
3.369816219977414E-4
3.369816219977414E-4
0.03143323060745994
3.369816219977414E-4
3.369816219977414E-4
3.369816219977414E-4
3.369816219977414E-4
3.369816219977414E-4
9.536588525710007E-5
3.369816219977414E-4
3.369816219977414E-4
3.369816219977414E-4
3.369816219977414E-4
3.369816219977414E-4
3.369816219977414E-4
3.369816219977414E-4
3.369816219977414E-4
3.369816219977414E-4
3.369816219977414E-4
3.369816219977414E-4
3.369816219977414E-4
3.369816219977414E-4
3.369816219977414E-4
3.369816219977414E-4
3.369816219977414E-4
3.369816219977414E-4
3.369816219977414E-4
3.369816219977414E-4
3.369816219977414E-4
3.369816219977414E-4
3.369816219977414E-4
3.369816219977414E-4
3.369816219977414E-4
3.369816219977414E-4
3.369816219977414E-4
3.369816219977414E-4
3.369816219977414E-4
3.369816219977414E-4
3.369816219977414E-4
3.369816219977414E-4
3.369816219977414E-4
3.369816219977414E-4
3.369816219977414E-4
3.369816219977414E-4
3.369816219977414E-4
3.369816219977414E-4
3.369816219977414E-4
3.369816219977414E-4
3.369816219977414E-4
3.369816219977414E-4
3.369816219977414E-4
3.369816219977414E-4
3.369816219977414E-4
3.369816219977414E-4
3.369816219977414E-4
3.369816219977414E-4
3.369816219977414E-4
3.369816219977414E-4
3.369816219977414E-4
3.369816219977414E-4
3.369816219977414E-4
3.369816219977414E-4
3.369816219977414E-4
3.369816219977414E-4
3.369816219977414E-4
3.369816219977414E-4
3.369816219977414E-4
3.369816219977414E-4
3.369816219977414E-4
3.369816219977414E-4
3.369816219977414E-4
3.369816219977414E-4
3.369816219977414E-4
3.369816219977414E-4
3.369816219977414E-4
3.369816219977414E-4
3.369816219977414E-4
3.369816219977414E-4
3.369816219977414E-4
3.369816219977414E-4
3.369816219977414E-4
3.369816219977414E-4
3.369816219977414E-4
3.369816219977414E-4
3.369816219977414E-4
3.369816219977414E-4
3.369816219977414E-4
3.369816219977414E-4
3.369816219977414E-4
3.369816219977414E-4
3.369816219977414E-4
3.369816219977414E-4
3.369816219977414E-4
3.369816219977414E-4
3.369816219977414E-4
3.369816219977414E-4
3.369816219977414E-4
3.369816219977414E-4
3.369816219977414E-4
3.369816219977414E-4
3.369816219977414E-4
3.369816219977414E-4
3.369816219977414E-4
3.369816219977414E-4
3.369816219977414E-4
3.369816219977414E-4
3.369816219977414E-4
3.369816219977414E-4
3.369816219977414E-4
3.369816219977414E-4
3.369816219977414E-4
3.369816219977414E-4
3.369816219977414E-4
3.369816219977414E-4
3.369816219977414E-4
3.369816219977414E-4
3.369816219977414E-4
3.369816219977414E-4
3.369816219977414E-4
3.369816219977414E-4
3.369816219977414E-4
3.369816219977414E-4
3.369816219977414E-4
3.369816219977414E-4
3.369816219977414E-4
3.369816219977414E-4
3.369816219977414E-4
3.369816219977414E-4
3.369816219977414E-4
3.369816219977414E-4
3.369816219977414E-4
3.369816219977414E-4
3.369816219977414E-4
3.369816219977414E-4
3.369816219977414E-4
3.369816219977414E-4
3.369816219977414E-4
3.369816219977414E-4
3.369816219977414E-4
3.369816219977414E-4
3.369816219977414E-4
3.369816219977414E-4
3.369816219977414E-4
3.369816219977414E-4
3.369816219977414E-4
3.369816219977414E-4
3.369816219977414E-4
3.369816219977414E-4
3.369816219977414E-4
3.369816219977414E-4
3.369816219977414E-4
3.369816219977414E-4
