0.0011414553970098495
0.0
0.0
0.0
0.0013593807738895218
0.0
0.0
0.0
0.0
0.0
8.337612884740035E-4
0.0
0.0
0.0
0.0
0.0
0.0
0.0
0.0
0.0
0.003504671482369304
0.0
0.0
0.0
0.0
0.0
0.0
0.0
4.532071276723097E-4
0.00190366938089331
0.004403988015837967
4.532071276723097E-4
0.0
0.0
4.532071276723097E-4
0.0
0.0
4.532071276723097E-4
0.0
0.0
4.532071276723097E-4
0.0
0.0
4.532071276723097E-4
4.532071276723097E-4
0.0
4.532071276723097E-4
0.0
0.0
4.532071276723097E-4
0.0
0.0
4.532071276723097E-4
4.532071276723097E-4
1.4935727425230045E-4
4.532071276723097E-4
9.518213958169023E-4
4.532071276723097E-4
4.532071276723097E-4
0.0
4.532071276723097E-4
4.532071276723097E-4
0.0
4.532071276723097E-4
4.532071276723097E-4
0.0
4.532071276723097E-4
4.532071276723097E-4
0.0
4.532071276723097E-4
4.532071276723097E-4
6.802720793833336E-5
4.532071276723097E-4
4.532071276723097E-4
9.072853252291679E-4
4.532071276723097E-4
4.532071276723097E-4
0.0
4.532071276723097E-4
4.532071276723097E-4
1.4935727425230045E-4
4.532071276723097E-4
4.532071276723097E-4
4.532071276723097E-4
4.532071276723097E-4
4.532071276723097E-4
4.532071276723097E-4
4.532071276723097E-4
4.532071276723097E-4
4.532071276723097E-4
4.532071276723097E-4
4.532071276723097E-4
4.532071276723097E-4
4.532071276723097E-4
4.532071276723097E-4
4.532071276723097E-4
4.532071276723097E-4
4.532071276723097E-4
4.532071276723097E-4
4.532071276723097E-4
4.532071276723097E-4
4.532071276723097E-4
4.532071276723097E-4
4.532071276723097E-4
4.532071276723097E-4
4.532071276723097E-4
4.532071276723097E-4
4.532071276723097E-4
4.532071276723097E-4
4.532071276723097E-4
4.532071276723097E-4
4.532071276723097E-4
4.532071276723097E-4
4.532071276723097E-4
4.532071276723097E-4
4.532071276723097E-4
4.532071276723097E-4
4.532071276723097E-4
4.532071276723097E-4
4.532071276723097E-4
4.532071276723097E-4
4.532071276723097E-4
4.532071276723097E-4
4.532071276723097E-4
4.532071276723097E-4
4.532071276723097E-4
4.532071276723097E-4
4.532071276723097E-4
4.532071276723097E-4
4.532071276723097E-4
4.532071276723097E-4
4.532071276723097E-4
4.532071276723097E-4
4.532071276723097E-4
4.532071276723097E-4
4.532071276723097E-4
4.532071276723097E-4
4.532071276723097E-4
4.532071276723097E-4
4.532071276723097E-4
4.532071276723097E-4
4.532071276723097E-4
4.532071276723097E-4
4.532071276723097E-4
4.532071276723097E-4
4.532071276723097E-4
4.532071276723097E-4
4.532071276723097E-4
4.532071276723097E-4
4.532071276723097E-4
4.532071276723097E-4
4.532071276723097E-4
4.532071276723097E-4
4.532071276723097E-4
4.532071276723097E-4
4.532071276723097E-4
4.532071276723097E-4
4.532071276723097E-4
4.532071276723097E-4
4.532071276723097E-4
4.532071276723097E-4
4.532071276723097E-4
4.532071276723097E-4
4.532071276723097E-4
4.532071276723097E-4
4.532071276723097E-4
4.532071276723097E-4
4.532071276723097E-4
4.532071276723097E-4
4.532071276723097E-4
4.532071276723097E-4
4.532071276723097E-4
4.532071276723097E-4
4.532071276723097E-4
4.532071276723097E-4
4.532071276723097E-4
4.532071276723097E-4
4.532071276723097E-4
4.532071276723097E-4
4.532071276723097E-4
4.532071276723097E-4
4.532071276723097E-4
4.532071276723097E-4
4.532071276723097E-4
4.532071276723097E-4
4.532071276723097E-4
4.532071276723097E-4
4.532071276723097E-4
4.532071276723097E-4
4.532071276723097E-4
4.532071276723097E-4
4.532071276723097E-4
4.532071276723097E-4
4.532071276723097E-4
4.532071276723097E-4
4.532071276723097E-4
4.532071276723097E-4
4.532071276723097E-4
4.532071276723097E-4
4.532071276723097E-4
4.532071276723097E-4
4.532071276723097E-4
4.532071276723097E-4
4.532071276723097E-4
4.532071276723097E-4
4.532071276723097E-4
4.532071276723097E-4
4.532071276723097E-4
4.532071276723097E-4
4.532071276723097E-4
4.532071276723097E-4
4.532071276723097E-4
4.532071276723097E-4
4.532071276723097E-4
4.532071276723097E-4
4.532071276723097E-4
4.532071276723097E-4
4.532071276723097E-4
4.532071276723097E-4
4.532071276723097E-4
4.532071276723097E-4
4.532071276723097E-4
4.532071276723097E-4
4.532071276723097E-4
