9.394351858645677E-4
0.0
0.0
0.0
6.727822513009111E-4
0.0
0.0
0.0
0.0
0.0
2.7210883175333343E-4
0.0
2.7210883175333343E-4
0.0
0.0
2.764817094430327E-4
0.0
6.872852488110463E-5
0.0
0.0
0.0
6.802720793833336E-5
6.802720793833336E-5
3.456262726103887E-4
7.017544315507015E-5
0.0
7.017544315507015E-5
0.0
3.456262726103887E-4
6.666666983316342E-5
0.0023489727871492507
3.456262726103887E-4
0.0
0.0
3.456262726103887E-4
0.0
0.0
3.456262726103887E-4
2.7210883175333343E-4
0.0
3.456262726103887E-4
0.0
0.0
3.456262726103887E-4
0.0070987655160327755
0.0
3.456262726103887E-4
0.0
0.0
3.456262726103887E-4
3.315813684215148E-4
7.017544315507015E-5
3.456262726103887E-4
3.456262726103887E-4
3.315813684215148E-4
3.456262726103887E-4
0.0
3.456262726103887E-4
3.456262726103887E-4
0.0
3.456262726103887E-4
3.456262726103887E-4
3.546099488933881E-4
3.456262726103887E-4
3.456262726103887E-4
0.0069387755977610745
3.456262726103887E-4
3.456262726103887E-4
0.0
3.456262726103887E-4
3.456262726103887E-4
0.0
3.456262726103887E-4
3.456262726103887E-4
7.017544315507015E-5
3.456262726103887E-4
3.456262726103887E-4
9.536588525710007E-5
3.456262726103887E-4
3.456262726103887E-4
3.315813684215148E-4
3.456262726103887E-4
3.456262726103887E-4
3.315813684215148E-4
3.456262726103887E-4
3.456262726103887E-4
3.456262726103887E-4
3.456262726103887E-4
3.456262726103887E-4
3.456262726103887E-4
3.456262726103887E-4
3.456262726103887E-4
3.456262726103887E-4
3.456262726103887E-4
3.456262726103887E-4
3.456262726103887E-4
3.456262726103887E-4
3.456262726103887E-4
3.456262726103887E-4
3.456262726103887E-4
3.456262726103887E-4
3.456262726103887E-4
3.456262726103887E-4
3.456262726103887E-4
3.456262726103887E-4
3.456262726103887E-4
3.456262726103887E-4
0.0
3.456262726103887E-4
3.456262726103887E-4
3.456262726103887E-4
3.456262726103887E-4
3.456262726103887E-4
3.456262726103887E-4
3.456262726103887E-4
3.456262726103887E-4
3.456262726103887E-4
3.456262726103887E-4
3.456262726103887E-4
3.456262726103887E-4
3.456262726103887E-4
3.456262726103887E-4
3.456262726103887E-4
3.456262726103887E-4
3.456262726103887E-4
3.456262726103887E-4
3.456262726103887E-4
3.456262726103887E-4
3.456262726103887E-4
3.456262726103887E-4
3.456262726103887E-4
3.456262726103887E-4
3.456262726103887E-4
3.456262726103887E-4
3.456262726103887E-4
3.456262726103887E-4
3.456262726103887E-4
3.456262726103887E-4
3.456262726103887E-4
3.456262726103887E-4
3.456262726103887E-4
3.456262726103887E-4
3.456262726103887E-4
3.456262726103887E-4
3.456262726103887E-4
3.456262726103887E-4
3.456262726103887E-4
3.456262726103887E-4
3.456262726103887E-4
3.456262726103887E-4
3.456262726103887E-4
3.456262726103887E-4
3.456262726103887E-4
3.456262726103887E-4
3.456262726103887E-4
3.456262726103887E-4
3.456262726103887E-4
3.456262726103887E-4
3.456262726103887E-4
3.456262726103887E-4
3.456262726103887E-4
3.456262726103887E-4
3.456262726103887E-4
3.456262726103887E-4
3.456262726103887E-4
3.456262726103887E-4
3.456262726103887E-4
3.456262726103887E-4
3.456262726103887E-4
3.456262726103887E-4
3.456262726103887E-4
3.456262726103887E-4
3.456262726103887E-4
3.456262726103887E-4
3.456262726103887E-4
3.456262726103887E-4
3.456262726103887E-4
3.456262726103887E-4
3.456262726103887E-4
3.456262726103887E-4
3.456262726103887E-4
3.456262726103887E-4
3.456262726103887E-4
3.456262726103887E-4
3.456262726103887E-4
3.456262726103887E-4
3.456262726103887E-4
3.456262726103887E-4
3.456262726103887E-4
3.456262726103887E-4
3.456262726103887E-4
3.456262726103887E-4
3.456262726103887E-4
3.456262726103887E-4
3.456262726103887E-4
3.456262726103887E-4
3.456262726103887E-4
3.456262726103887E-4
3.456262726103887E-4
3.456262726103887E-4
3.456262726103887E-4
3.456262726103887E-4
3.456262726103887E-4
3.456262726103887E-4
3.456262726103887E-4
3.456262726103887E-4
3.456262726103887E-4
3.456262726103887E-4
3.456262726103887E-4
3.456262726103887E-4
3.456262726103887E-4
3.456262726103887E-4
3.456262726103887E-4
3.456262726103887E-4
3.456262726103887E-4
3.456262726103887E-4
3.456262726103887E-4
3.456262726103887E-4
3.456262726103887E-4
3.456262726103887E-4
3.456262726103887E-4
3.456262726103887E-4
3.456262726103887E-4
3.456262726103887E-4
