1.6343618152978898
9.769962616701376E-15
9.769962616701376E-15
9.769962616701376E-15
9.769962616701376E-15
9.769962616701376E-15
9.769962616701376E-15
9.769962616701376E-15
9.769962616701376E-15
9.769962616701376E-15
9.769962616701376E-15
9.769962616701376E-15
9.769962616701376E-15
9.769962616701376E-15
9.769962616701376E-15
9.769962616701376E-15
9.769962616701376E-15
9.769962616701376E-15
9.769962616701376E-15
9.769962616701376E-15
9.769962616701376E-15
9.769962616701376E-15
9.769962616701376E-15
9.769962616701376E-15
9.769962616701376E-15
1.6343618152978898
9.769962616701376E-15
9.769962616701376E-15
9.769962616701376E-15
9.769962616701376E-15
9.769962616701376E-15
9.769962616701376E-15
9.769962616701376E-15
9.769962616701376E-15
9.769962616701376E-15
9.769962616701376E-15
9.769962616701376E-15
9.769962616701376E-15
9.769962616701376E-15
9.769962616701376E-15
9.769962616701376E-15
9.769962616701376E-15
9.769962616701376E-15
9.769962616701376E-15
9.769962616701376E-15
9.769962616701376E-15
9.769962616701376E-15
9.769962616701376E-15
9.769962616701376E-15
9.769962616701376E-15
9.769962616701376E-15
9.769962616701376E-15
9.769962616701376E-15
9.769962616701376E-15
9.769962616701376E-15
9.769962616701376E-15
9.769962616701376E-15
