0.01397058879956603
0.0016851780528668314
0.0016851780528668314
0.0016851780528668314
0.0016851780528668314
0.0016851780528668314
0.0016851780528668314
0.0016851780528668314
1.323529431829229E-4
0.0016851780528668314
2.700759214349091E-4
2.700759214349091E-4
0.0016851780528668314
0.0016851780528668314
0.0016851780528668314
0.0016851780528668314
0.0016851780528668314
0.0016851780528668314
0.0016851780528668314
0.0016851780528668314
0.0016851780528668314
0.0016851780528668314
0.0016851780528668314
0.0016851780528668314
0.0016851780528668314
0.0016851780528668314
0.0016851780528668314
0.0016851780528668314
0.0016851780528668314
0.0016851780528668314
0.0016851780528668314
0.0016851780528668314
0.0016851780528668314
0.0016851780528668314
0.0016851780528668314
0.0016851780528668314
0.0016851780528668314
0.0016851780528668314
0.0016851780528668314
0.0016851780528668314
0.0016851780528668314
0.0016851780528668314
0.0016851780528668314
0.0016851780528668314
0.0016851780528668314
0.0016851780528668314
0.0016851780528668314
0.0016851780528668314
0.0016851780528668314
0.0016851780528668314
0.0016851780528668314
0.0016851780528668314
0.0016851780528668314
0.0016851780528668314
0.0016851780528668314
0.0016851780528668314
0.0016851780528668314
0.0016851780528668314
0.0016851780528668314
0.0016851780528668314
0.0016851780528668314
0.0016851780528668314
0.0016851780528668314
0.0016851780528668314
0.0016851780528668314
0.0016851780528668314
0.0016851780528668314
0.0016851780528668314
0.0016851780528668314
0.0016851780528668314
0.0016851780528668314
0.0016851780528668314
0.0016851780528668314
0.0016851780528668314
0.0016851780528668314
0.0016851780528668314
0.0016851780528668314
0.0016851780528668314
0.0016851780528668314
0.0016851780528668314
0.0016851780528668314
