0.01397058879956603
0.0010796112765092403
0.0010796112765092403
0.0010796112765092403
0.0010796112765092403
0.0010796112765092403
0.0010796112765092403
0.0010796112765092403
1.323529431829229E-4
0.0010796112765092403
0.003177977559971623
1.323529431829229E-4
0.0010796112765092403
0.0010796112765092403
0.0010796112765092403
0.0010796112765092403
0.0010796112765092403
0.0010796112765092403
0.0010796112765092403
0.0010796112765092403
0.0010796112765092403
0.0010796112765092403
0.0010796112765092403
0.0010796112765092403
0.0010796112765092403
0.0010796112765092403
0.0010796112765092403
0.0010796112765092403
0.0010796112765092403
0.0010796112765092403
0.0010796112765092403
0.0010796112765092403
0.0010796112765092403
0.0010796112765092403
0.0010796112765092403
0.0010796112765092403
0.0010796112765092403
0.0010796112765092403
0.0010796112765092403
0.0010796112765092403
0.0010796112765092403
0.0010796112765092403
0.0010796112765092403
0.0010796112765092403
0.0010796112765092403
0.0010796112765092403
0.0010796112765092403
0.0010796112765092403
0.0010796112765092403
0.0010796112765092403
0.0010796112765092403
0.0010796112765092403
0.0010796112765092403
0.0010796112765092403
0.0010796112765092403
0.0010796112765092403
0.0010796112765092403
0.0010796112765092403
0.0010796112765092403
0.0010796112765092403
0.0010796112765092403
0.0010796112765092403
0.0010796112765092403
0.0010796112765092403
0.0010796112765092403
0.0010796112765092403
0.0010796112765092403
0.0010796112765092403
0.0010796112765092403
0.0010796112765092403
0.0010796112765092403
0.0010796112765092403
0.0010796112765092403
0.0010796112765092403
0.0010796112765092403
0.0010796112765092403
0.0010796112765092403
0.0010796112765092403
0.0010796112765092403
0.0010796112765092403
0.0010796112765092403
