0.01397058879956603
0.0055305676942225546
0.0055305676942225546
0.0055305676942225546
0.0055305676942225546
0.0055305676942225546
1.323529431829229E-4
0.0016851780528668314
0.0055305676942225546
0.0055305676942225546
0.0055305676942225546
4.1086091368924826E-4
5.26479649124667E-4
0.0055305676942225546
0.0055305676942225546
0.0055305676942225546
0.0055305676942225546
0.0055305676942225546
0.0055305676942225546
0.0055305676942225546
0.0055305676942225546
0.0055305676942225546
0.0055305676942225546
0.0055305676942225546
0.0055305676942225546
0.0055305676942225546
0.0055305676942225546
0.0055305676942225546
0.0055305676942225546
0.0055305676942225546
0.0055305676942225546
0.0055305676942225546
0.0055305676942225546
0.0055305676942225546
0.0055305676942225546
0.0055305676942225546
0.0055305676942225546
0.0055305676942225546
0.0055305676942225546
0.0055305676942225546
0.0055305676942225546
0.0055305676942225546
0.0055305676942225546
0.0055305676942225546
0.0055305676942225546
0.0055305676942225546
0.0055305676942225546
0.0055305676942225546
0.0055305676942225546
0.0055305676942225546
0.0055305676942225546
0.0055305676942225546
0.0055305676942225546
0.0055305676942225546
0.0055305676942225546
0.0055305676942225546
0.0055305676942225546
0.0055305676942225546
0.0055305676942225546
0.0055305676942225546
0.0055305676942225546
0.0055305676942225546
0.0055305676942225546
0.0055305676942225546
0.0055305676942225546
0.0055305676942225546
0.0055305676942225546
0.0055305676942225546
0.0055305676942225546
0.0055305676942225546
0.0055305676942225546
0.0055305676942225546
0.0055305676942225546
0.0055305676942225546
0.0055305676942225546
0.0055305676942225546
0.0055305676942225546
0.0055305676942225546
0.0055305676942225546
0.0055305676942225546
0.0055305676942225546
