0.01397058879956603
0.0012187021638965234
0.0012187021638965234
0.0012187021638965234
0.0012187021638965234
0.0012187021638965234
0.0012187021638965234
0.0012187021638965234
0.0012187021638965234
0.0012187021638965234
5.436941719381139E-4
1.323529431829229E-4
4.1086091368924826E-4
0.0012187021638965234
0.0012187021638965234
0.0012187021638965234
0.0012187021638965234
0.0012187021638965234
0.0012187021638965234
0.0012187021638965234
0.0012187021638965234
0.0012187021638965234
0.0012187021638965234
0.0012187021638965234
0.0012187021638965234
0.0012187021638965234
0.0012187021638965234
0.0012187021638965234
0.0012187021638965234
0.0012187021638965234
0.0012187021638965234
0.0012187021638965234
0.0012187021638965234
0.0012187021638965234
0.0012187021638965234
0.0012187021638965234
0.0012187021638965234
0.0012187021638965234
0.0012187021638965234
0.0012187021638965234
0.0012187021638965234
0.0012187021638965234
0.0012187021638965234
0.0012187021638965234
0.0012187021638965234
0.0012187021638965234
0.0012187021638965234
0.0012187021638965234
0.0012187021638965234
0.0012187021638965234
0.0012187021638965234
0.0012187021638965234
0.0012187021638965234
0.0012187021638965234
0.0012187021638965234
0.0012187021638965234
0.0012187021638965234
0.0012187021638965234
0.0012187021638965234
0.0012187021638965234
0.0012187021638965234
0.0012187021638965234
0.0012187021638965234
0.0012187021638965234
0.0012187021638965234
0.0012187021638965234
0.0012187021638965234
0.0012187021638965234
0.0012187021638965234
0.0012187021638965234
0.0012187021638965234
0.0012187021638965234
0.0012187021638965234
0.0012187021638965234
0.0012187021638965234
0.0012187021638965234
0.0012187021638965234
0.0012187021638965234
0.0012187021638965234
0.0012187021638965234
0.0012187021638965234
