0.01397058879956603
0.0025004291674122214
0.0025004291674122214
0.0025004291674122214
0.0025004291674122214
0.0025004291674122214
0.0025004291674122214
0.0025004291674122214
4.029091796837747E-4
1.323529431829229E-4
0.0025004291674122214
1.323529431829229E-4
0.0025004291674122214
0.0025004291674122214
0.001602941207238473
0.0025004291674122214
0.0025004291674122214
0.0025004291674122214
0.0025004291674122214
0.0025004291674122214
0.0025004291674122214
0.0025004291674122214
0.0025004291674122214
0.0025004291674122214
0.0025004291674122214
1.323529431829229E-4
0.0018518447323003784
0.0025004291674122214
0.0025004291674122214
0.0025004291674122214
0.0025004291674122214
0.0025004291674122214
0.0025004291674122214
0.0025004291674122214
0.0025004291674122214
0.0025004291674122214
0.0025004291674122214
0.0025004291674122214
0.0025004291674122214
0.0025004291674122214
0.0025004291674122214
0.0025004291674122214
0.0025004291674122214
0.0025004291674122214
0.0025004291674122214
0.0025004291674122214
0.0025004291674122214
0.0025004291674122214
0.0025004291674122214
0.0025004291674122214
0.0025004291674122214
0.0025004291674122214
0.0025004291674122214
0.0025004291674122214
0.0025004291674122214
0.0025004291674122214
0.0025004291674122214
0.0025004291674122214
0.0025004291674122214
0.0025004291674122214
0.0025004291674122214
0.0025004291674122214
0.0025004291674122214
0.0025004291674122214
0.0025004291674122214
0.0025004291674122214
0.0025004291674122214
0.0025004291674122214
0.0025004291674122214
0.0025004291674122214
0.0025004291674122214
0.0025004291674122214
0.0025004291674122214
0.0025004291674122214
0.0025004291674122214
0.0025004291674122214
0.0025004291674122214
0.0025004291674122214
0.0025004291674122214
0.0025004291674122214
0.0025004291674122214
