0.02477272736529509
9.173553786240518E-4
9.173553786240518E-4
9.173553786240518E-4
9.173553786240518E-4
9.173553786240518E-4
9.173553786240518E-4
9.173553786240518E-4
9.173553786240518E-4
9.173553786240518E-4
9.173553786240518E-4
9.173553786240518E-4
9.173553786240518E-4
9.173553786240518E-4
9.173553786240518E-4
9.173553786240518E-4
9.173553786240518E-4
9.173553786240518E-4
9.173553786240518E-4
9.173553786240518E-4
9.173553786240518E-4
9.173553786240518E-4
9.173553786240518E-4
9.173553786240518E-4
9.173553786240518E-4
0.02477272736529509
9.173553786240518E-4
9.173553786240518E-4
9.173553786240518E-4
9.173553786240518E-4
9.173553786240518E-4
9.173553786240518E-4
9.173553786240518E-4
9.173553786240518E-4
9.173553786240518E-4
9.173553786240518E-4
9.173553786240518E-4
9.173553786240518E-4
9.173553786240518E-4
9.173553786240518E-4
9.173553786240518E-4
9.173553786240518E-4
9.173553786240518E-4
9.173553786240518E-4
9.173553786240518E-4
9.173553786240518E-4
9.173553786240518E-4
9.173553786240518E-4
9.173553786240518E-4
9.173553786240518E-4
9.173553786240518E-4
9.173553786240518E-4
9.173553786240518E-4
9.173553786240518E-4
9.173553786240518E-4
9.173553786240518E-4
9.173553786240518E-4
