0.03351845662109554
0.04549585497006774
2.439773907099152E-4
1.0415380565973465E-4
2.439773907099152E-4
2.439773907099152E-4
2.439773907099152E-4
2.439773907099152E-4
2.439773907099152E-4
2.439773907099152E-4
2.439773907099152E-4
2.439773907099152E-4
2.439773907099152E-4
2.439773907099152E-4
2.439773907099152E-4
2.439773907099152E-4
2.439773907099152E-4
2.439773907099152E-4
2.439773907099152E-4
2.439773907099152E-4
2.439773907099152E-4
2.439773907099152E-4
2.439773907099152E-4
2.439773907099152E-4
2.439773907099152E-4
2.439773907099152E-4
2.439773907099152E-4
2.439773907099152E-4
2.439773907099152E-4
2.439773907099152E-4
