0.010828256710010465
1.0415380565973465E-4
0.007742166751995683
0.010828256710010465
1.0415380565973465E-4
1.0415380565973465E-4
9.317542426288128E-5
1.0415380565973465E-4
9.654924324422609E-5
1.0415380565973465E-4
0.024639507167739792
0.04640617929399014
1.0415380565973465E-4
0.007742166751995683
9.654924324422609E-5
9.654924324422609E-5
1.0415380565973465E-4
1.0415380565973465E-4
1.0415380565973465E-4
1.0415380565973465E-4
1.0415380565973465E-4
1.0415380565973465E-4
1.0415380565973465E-4
1.0415380565973465E-4
9.654924324422609E-5
1.0415380565973465E-4
1.0415380565973465E-4
1.0415380565973465E-4
1.0415380565973465E-4
1.0415380565973465E-4
