0.013518456323072314
0.009260712843388318
2.439773907099152E-4
2.439773907099152E-4
2.439773907099152E-4
2.439773907099152E-4
2.439773907099152E-4
2.439773907099152E-4
2.439773907099152E-4
2.439773907099152E-4
2.439773907099152E-4
2.439773907099152E-4
2.439773907099152E-4
2.439773907099152E-4
2.439773907099152E-4
2.439773907099152E-4
2.439773907099152E-4
2.439773907099152E-4
2.439773907099152E-4
2.439773907099152E-4
2.439773907099152E-4
2.439773907099152E-4
2.439773907099152E-4
2.439773907099152E-4
2.439773907099152E-4
2.439773907099152E-4
2.439773907099152E-4
2.439773907099152E-4
2.439773907099152E-4
2.439773907099152E-4
