0.026057641347870232
0.050188162829726934
2.439773907099152E-4
2.439773907099152E-4
2.439773907099152E-4
2.439773907099152E-4
2.439773907099152E-4
2.439773907099152E-4
2.439773907099152E-4
2.439773907099152E-4
2.439773907099152E-4
2.439773907099152E-4
2.439773907099152E-4
2.439773907099152E-4
2.439773907099152E-4
2.439773907099152E-4
2.439773907099152E-4
2.439773907099152E-4
2.439773907099152E-4
2.439773907099152E-4
2.439773907099152E-4
2.439773907099152E-4
2.439773907099152E-4
2.439773907099152E-4
2.439773907099152E-4
2.439773907099152E-4
2.439773907099152E-4
2.439773907099152E-4
2.439773907099152E-4
2.439773907099152E-4
