5.134788225404918E-5
0.053883223235607146
0.016879760753363372
1.0415380565973465E-4
1.0415380565973465E-4
1.0415380565973465E-4
1.0415380565973465E-4
2.439773907099152E-4
1.0415380565973465E-4
1.0415380565973465E-4
1.0415380565973465E-4
1.0415380565973465E-4
1.0415380565973465E-4
1.0415380565973465E-4
1.0415380565973465E-4
1.0415380565973465E-4
1.0415380565973465E-4
1.0415380565973465E-4
1.0415380565973465E-4
1.0415380565973465E-4
1.0415380565973465E-4
1.0415380565973465E-4
1.0415380565973465E-4
9.654924324422609E-5
1.0415380565973465E-4
1.0415380565973465E-4
1.0415380565973465E-4
1.0415380565973465E-4
1.0415380565973465E-4
1.0415380565973465E-4
