0.013438593363389373
1.0415380565973465E-4
0.002715597078713472
0.013438593363389373
0.04549585497006774
0.002715597078713472
0.002715597078713472
0.002715597078713472
0.002715597078713472
0.002715597078713472
0.002715597078713472
0.002715597078713472
0.002715597078713472
0.002715597078713472
0.002715597078713472
0.002715597078713472
0.002715597078713472
0.002715597078713472
0.002715597078713472
0.002715597078713472
0.002715597078713472
0.002715597078713472
0.002715597078713472
1.0415380565973465E-4
0.002715597078713472
0.002715597078713472
0.002715597078713472
0.002715597078713472
0.002715597078713472
0.002715597078713472
