1.0415380565973465E-4
1.0415380565973465E-4
0.007745540570977027
1.0415380565973465E-4
1.0415380565973465E-4
1.0415380565973465E-4
0.005126492735507781
1.0415380565973465E-4
9.654924324422609E-5
1.0415380565973465E-4
0.04640617929399014
0.007745540570977027
1.0415380565973465E-4
9.654924324422609E-5
9.654924324422609E-5
1.0415380565973465E-4
1.0415380565973465E-4
1.0415380565973465E-4
1.0415380565973465E-4
1.0415380565973465E-4
1.0415380565973465E-4
1.0415380565973465E-4
1.0415380565973465E-4
1.0415380565973465E-4
1.0415380565973465E-4
1.0415380565973465E-4
1.0415380565973465E-4
1.0415380565973465E-4
1.0415380565973465E-4
1.0415380565973465E-4
