0.04640617929399014
2.439773907099152E-4
2.439773907099152E-4
2.439773907099152E-4
2.439773907099152E-4
2.439773907099152E-4
2.439773907099152E-4
2.439773907099152E-4
2.439773907099152E-4
2.439773907099152E-4
2.439773907099152E-4
2.439773907099152E-4
2.439773907099152E-4
2.439773907099152E-4
2.439773907099152E-4
2.439773907099152E-4
2.439773907099152E-4
2.439773907099152E-4
2.439773907099152E-4
2.439773907099152E-4
2.439773907099152E-4
2.439773907099152E-4
2.439773907099152E-4
2.439773907099152E-4
2.439773907099152E-4
2.439773907099152E-4
2.439773907099152E-4
2.439773907099152E-4
2.439773907099152E-4
2.439773907099152E-4
