1.0415380565973465E-4
1.0415380565973465E-4
0.026361013343557716
1.0415380565973465E-4
1.0415380565973465E-4
1.0415380565973465E-4
1.0415380565973465E-4
1.0415380565973465E-4
1.0415380565973465E-4
1.0415380565973465E-4
1.0415380565973465E-4
1.0415380565973465E-4
1.0415380565973465E-4
1.0415380565973465E-4
1.0415380565973465E-4
1.0415380565973465E-4
0.042220181738957765
1.0415380565973465E-4
1.0415380565973465E-4
0.0
1.0415380565973465E-4
1.0415380565973465E-4
1.0415380565973465E-4
1.0415380565973465E-4
1.0415380565973465E-4
1.0415380565973465E-4
1.0415380565973465E-4
1.0415380565973465E-4
1.0415380565973465E-4
1.0415380565973465E-4
