0.020828256859022076
1.0415380565973465E-4
0.007742166751995683
0.020828256859022076
1.0415380565973465E-4
1.0415380565973465E-4
1.0415380565973465E-4
5.134788225404918E-5
1.0415380565973465E-4
1.0415380565973465E-4
1.0415380565973465E-4
1.0415380565973465E-4
1.0415380565973465E-4
1.0415380565973465E-4
1.0415380565973465E-4
1.0415380565973465E-4
9.654924324422609E-5
9.654924324422609E-5
0.046284516155719754
0.04640617929399014
0.002715597078713472
9.654924324422609E-5
1.0415380565973465E-4
1.0415380565973465E-4
9.654924324422609E-5
1.0415380565973465E-4
1.0415380565973465E-4
0.0051041538801655404
1.0415380565973465E-4
1.0415380565973465E-4
