1.0415380565973465E-4
1.0415380565973465E-4
0.045617005601525304
1.0415380565973465E-4
1.0415380565973465E-4
1.0415380565973465E-4
0.005126492735507781
1.0415380565973465E-4
1.0415380565973465E-4
1.0415380565973465E-4
9.654924324422609E-5
9.654924324422609E-5
9.654924324422609E-5
0.006821314385160804
0.045617005601525304
1.0415380565973465E-4
1.0415380565973465E-4
1.0415380565973465E-4
1.0415380565973465E-4
1.0415380565973465E-4
1.0415380565973465E-4
1.0415380565973465E-4
1.0415380565973465E-4
1.0415380565973465E-4
1.0415380565973465E-4
1.0415380565973465E-4
1.0415380565973465E-4
1.0415380565973465E-4
1.0415380565973465E-4
1.0415380565973465E-4
