0.016057641198858618
9.654924324422609E-5
2.439773907099152E-4
0.016057641198858618
0.050188162829726934
2.439773907099152E-4
2.439773907099152E-4
2.439773907099152E-4
2.439773907099152E-4
2.439773907099152E-4
2.439773907099152E-4
2.439773907099152E-4
2.439773907099152E-4
2.439773907099152E-4
2.439773907099152E-4
2.439773907099152E-4
2.439773907099152E-4
2.439773907099152E-4
2.439773907099152E-4
2.439773907099152E-4
2.439773907099152E-4
2.439773907099152E-4
2.439773907099152E-4
2.439773907099152E-4
2.439773907099152E-4
2.439773907099152E-4
2.439773907099152E-4
2.439773907099152E-4
2.439773907099152E-4
2.439773907099152E-4
