1.0415380565973465E-4
1.0415380565973465E-4
0.007745540570977027
1.0415380565973465E-4
1.0415380565973465E-4
1.0415380565973465E-4
1.0415380565973465E-4
1.0415380565973465E-4
1.0415380565973465E-4
1.0415380565973465E-4
1.0415380565973465E-4
1.0415380565973465E-4
1.0415380565973465E-4
1.0415380565973465E-4
1.0415380565973465E-4
1.0415380565973465E-4
1.0415380565973465E-4
1.0415380565973465E-4
1.0415380565973465E-4
1.0415380565973465E-4
1.0415380565973465E-4
1.0415380565973465E-4
1.0415380565973465E-4
1.0415380565973465E-4
0.005126492735507781
1.0415380565973465E-4
0.012609365349635481
0.002715597078713472
0.05561700575053692
0.007745540570977027
