0.48876592980483263
0.48873447168959144
0.48869227002506394
0.4886987840726092
0.4891420290288463
0.4886889297943057
0.48867337887281653
0.4886807965887994
0.4886745542904446
0.4891420290288463
0.492121144269076
0.48869548321583467
0.48868946120706774
0.4886976862111464
0.4891420290288463
0.48869120573338526
0.4888840564316473
0.4890611830823043
0.48911766330611695
0.4891420290288463
0.4891420290288463
0.48911766330611695
0.4891420290288463
0.4891420290288463
0.4891420290288463
0.4891420290288463
0.4891420290288463
0.4891420290288463
0.4891420290288463
0.4891420290288463
0.4891420290288463
0.4891420290288463
0.48870980318398144
0.4887160450146767
0.4891420290288463
0.48868595428761785
0.48870630951212574
0.4891420290288463
0.4886787216160005
0.4891420290288463
0.4832360536188686
0.48869239902270845
0.4886881031830306
0.4891420290288463
0.4891420290288463
0.4887020371298867
0.4891420290288463
0.48911766330611695
0.4890028525478863
0.4891420290288463
0.4890611830823043
0.48911766330611695
0.4891420290288463
0.4891420290288463
0.4891420290288463
0.4891420290288463
0.4891420290288463
0.4891420290288463
0.4891420290288463
0.4891420290288463
0.4891420290288463
0.4891420290288463
0.48871816996655676
0.4891420290288463
0.4891420290288463
0.4887106293061044
0.4887231878717745
0.4891420290288463
0.48870422421122495
0.4891420290288463
0.4886954653460366
0.5038300391279734
0.4891420290288463
0.4891420290288463
0.4891420290288463
0.4891420290288463
0.4891420290288463
0.4888840564316473
0.4891420290288463
0.4891420290288463
0.48911766330611695
0.4891420290288463
0.4891420290288463
0.4891420290288463
0.4891420290288463
0.4891420290288463
0.4891420290288463
0.4891420290288463
0.4891420290288463
0.4891420290288463
0.4891420290288463
0.4891420290288463
0.4891420290288463
0.4891420290288463
0.4891420290288463
0.4891420290288463
0.4891420290288463
0.4891420290288463
0.4891420290288463
0.4891420290288463
0.4891420290288463
0.4891420290288463
0.4891420290288463
0.4891420290288463
0.4891420290288463
0.4891420290288463
0.4891420290288463
0.4891420290288463
0.4891420290288463
0.4891420290288463
0.4891420290288463
0.4891420290288463
0.4891420290288463
0.4891420290288463
