0.4892997323559115
0.48673674885707213
0.48379861385114176
0.4833318974469324
0.48759789274394694
0.4853278916080949
0.48089532613266456
0.4849985630221815
0.4817179603934477
0.48759789274394694
0.4767599521414466
0.48529427896433935
0.47833510851499045
0.48313507078509926
0.48759789274394694
0.4865545425054064
0.48629368350811364
0.4868897143494785
0.49328848378665424
0.48759789274394694
0.48759789274394694
0.48759789274394694
0.48759789274394694
0.48759789274394694
0.48759789274394694
0.48759789274394694
0.48759789274394694
0.48759789274394694
0.48759789274394694
0.48759789274394694
0.48759789274394694
0.48759789274394694
0.48475651107382794
0.48507648280696586
0.48759789274394694
0.48116728370160644
0.482910103446211
0.48759789274394694
0.4816765002025502
0.48759789274394694
0.48007849874779235
0.48617450013084557
0.48476415737953066
0.48759789274394694
0.48759789274394694
0.48462776119593426
0.48759789274394694
0.49328848378665424
0.4919438756786915
0.48759789274394694
0.4868897143494785
0.5021000113090229
0.48759789274394694
0.48759789274394694
0.48759789274394694
0.48759789274394694
0.48759789274394694
0.48759789274394694
0.48759789274394694
0.48759789274394694
0.48759789274394694
0.48759789274394694
0.48386864823710896
0.48759789274394694
0.48759789274394694
0.48536413448391935
0.4863116354415676
0.48759789274394694
0.48523889611443394
0.48759789274394694
0.4849808379629312
0.4856736499990541
0.48759789274394694
0.48759789274394694
0.48759789274394694
0.48759789274394694
0.48759789274394694
0.4863061760680483
0.48759789274394694
0.48759789274394694
0.4964709989805223
0.48759789274394694
0.48759789274394694
0.48759789274394694
0.48759789274394694
0.48759789274394694
0.48759789274394694
0.48759789274394694
0.48759789274394694
0.48759789274394694
0.48759789274394694
0.48759789274394694
0.48759789274394694
0.48759789274394694
0.48759789274394694
0.48759789274394694
0.48759789274394694
0.48759789274394694
0.48759789274394694
0.48759789274394694
0.48759789274394694
0.48759789274394694
0.48759789274394694
0.48759789274394694
0.48759789274394694
0.48759789274394694
0.48759789274394694
0.48759789274394694
0.48759789274394694
0.48759789274394694
0.48759789274394694
0.48759789274394694
0.48759789274394694
0.48759789274394694
