0.5055179324376646
0.5108118456003551
0.4988858489734398
0.49870329301913335
0.49636662680650484
0.500897702270116
0.49904084288202394
0.500186734609312
0.5006065266564986
0.49636662680650484
0.49953022379627426
0.48151697460297227
0.4958852387475619
0.5046112347052131
0.49636662680650484
0.5034043115452559
0.5093415641483149
0.508303727760711
0.5188126120558999
0.49636662680650484
0.49636662680650484
0.5188126120558999
0.49636662680650484
0.49636662680650484
0.49636662680650484
0.49636662680650484
0.49636662680650484
0.49636662680650484
0.49636662680650484
0.49636662680650484
0.49636662680650484
0.49636662680650484
0.499828364224702
0.5023245601203875
0.49636662680650484
0.49920474015738087
0.5039759934189172
0.49636662680650484
0.5007199883836024
0.49636662680650484
0.5030522454350772
0.4991238982541538
0.49890802783023624
0.49636662680650484
0.49636662680650484
0.5036603130117394
0.49636662680650484
0.5188126120558999
0.508303727760711
0.49636662680650484
0.508303727760711
0.5188126120558999
0.49636662680650484
0.49636662680650484
0.49636662680650484
0.49636662680650484
0.49636662680650484
0.49636662680650484
0.49636662680650484
0.49636662680650484
0.49636662680650484
0.49636662680650484
0.5059574858315776
0.49636662680650484
0.49636662680650484
0.5025636911351844
0.5025990607604658
0.49636662680650484
0.5031219921311596
0.49636662680650484
0.5006650199627027
0.4991996743395579
0.49636662680650484
0.49636662680650484
0.49636662680650484
0.49636662680650484
0.49636662680650484
0.5090834380203735
0.49636662680650484
0.49636662680650484
0.51094404992311
0.49636662680650484
0.49636662680650484
0.49636662680650484
0.49636662680650484
0.49636662680650484
0.49636662680650484
0.49636662680650484
0.49636662680650484
0.49636662680650484
0.49636662680650484
0.49636662680650484
0.49636662680650484
0.49636662680650484
0.49636662680650484
0.49636662680650484
0.49636662680650484
0.49636662680650484
0.49636662680650484
0.49636662680650484
0.49636662680650484
0.49636662680650484
0.49636662680650484
0.49636662680650484
0.49636662680650484
0.49636662680650484
0.49636662680650484
0.49636662680650484
0.49636662680650484
0.49636662680650484
0.49636662680650484
0.49636662680650484
0.49636662680650484
0.49636662680650484
