0.4892995387902148
0.4868740372716281
0.4837996687097286
0.4813061174891618
0.4863383345344798
0.4847554944331548
0.47781688720194254
0.48437533965845536
0.479101029569584
0.4863383345344798
0.47729015419365506
0.4842019827499549
0.47664286537308725
0.4821957144162053
0.4863383345344798
0.48617785050133827
0.48964250438196893
0.49334091790259943
0.49334091790259943
0.4863383345344798
0.4863383345344798
0.49334091790259943
0.4863383345344798
0.4863383345344798
0.4863383345344798
0.4863383345344798
0.4863383345344798
0.4863383345344798
0.4863383345344798
0.4863383345344798
0.4863383345344798
0.4863383345344798
0.48331024673216383
0.48371035578732263
0.4863383345344798
0.47992818007644694
0.4819338341410184
0.4863383345344798
0.4805064034619119
0.4863383345344798
0.4786444038371044
0.48527196424408237
0.4847359884216377
0.4863383345344798
0.4863383345344798
0.48392424428802594
0.4863383345344798
0.5018199125521469
0.4915539535206299
0.4863383345344798
0.4924634462319892
0.49334091790259943
0.4863383345344798
0.4863383345344798
0.4863383345344798
0.4863383345344798
0.4863383345344798
0.4863383345344798
0.4863383345344798
0.4863383345344798
0.4863383345344798
0.4863383345344798
0.48304377379214475
0.4863383345344798
0.4863383345344798
0.4853477401880711
0.48587515936401326
0.4863383345344798
0.4850906150570078
0.4863383345344798
0.48481931355814945
0.4851538690953457
0.4863383345344798
0.4863383345344798
0.4863383345344798
0.4863383345344798
0.4863383345344798
0.485881335694357
0.4863383345344798
0.4863383345344798
0.49334091790259943
0.4863383345344798
0.4863383345344798
0.4863383345344798
0.4863383345344798
0.4863383345344798
0.4863383345344798
0.4863383345344798
0.4863383345344798
0.4863383345344798
0.4863383345344798
0.4863383345344798
0.4863383345344798
0.4863383345344798
0.4863383345344798
0.4863383345344798
0.4863383345344798
0.4863383345344798
0.4863383345344798
0.4863383345344798
0.4863383345344798
0.4863383345344798
0.4863383345344798
0.4863383345344798
0.4863383345344798
0.4863383345344798
0.4863383345344798
0.4863383345344798
0.4863383345344798
0.4863383345344798
0.4863383345344798
0.4863383345344798
0.4863383345344798
0.4863383345344798
