0.4890988567814624
0.48910185180831345
0.489066040704623
0.5038300391279734
0.4892153322984162
0.4890471503876711
0.4890481045606404
0.4890540538132783
0.4890531170220607
0.4892153322984162
0.48905063808527655
0.4890523459496759
0.4890515376695961
0.4886825623651665
0.4892153322984162
0.4909289155288969
0.4892138575433877
0.4892138575433877
0.4892138575433877
0.4892153322984162
0.4892153322984162
0.4892153322984162
0.4892153322984162
0.4892153322984162
0.4892153322984162
0.4892153322984162
0.4892153322984162
0.4892153322984162
0.4892153322984162
0.4892153322984162
0.4892153322984162
0.4892153322984162
0.48906875782154735
0.48908244080743946
0.4892153322984162
0.48904890002730467
0.48906185536276103
0.4892153322984162
0.48905236382004996
0.4892153322984162
0.48905517321641034
0.48905030811378203
0.4890590653010746
0.4892153322984162
0.4892153322984162
0.4890590653010746
0.4892153322984162
0.4892138575433877
0.4892138575433877
0.4892153322984162
0.4892138575433877
0.4892153322984162
0.4892153322984162
0.4892153322984162
0.4892153322984162
0.4892153322984162
0.4892153322984162
0.4892153322984162
0.4892153322984162
0.4892153322984162
0.4892153322984162
0.4892153322984162
0.4890909603307454
0.4892153322984162
0.4892153322984162
0.4836139273741328
0.4890788309386525
0.4892153322984162
0.4890545122969484
0.4892153322984162
0.48905151979922323
0.48905937789002946
0.4892153322984162
0.4892153322984162
0.4892153322984162
0.4892153322984162
0.4892153322984162
0.48913984002586514
0.4892153322984162
0.4892153322984162
0.4892153322984162
0.4892153322984162
0.4892153322984162
0.4892153322984162
0.4892153322984162
0.4892153322984162
0.4892153322984162
0.4892153322984162
0.4892153322984162
0.4892153322984162
0.4892153322984162
0.4892153322984162
0.4892153322984162
0.4892153322984162
0.4892153322984162
0.4892153322984162
0.4892153322984162
0.4892153322984162
0.4892153322984162
0.4892153322984162
0.4892153322984162
0.4892153322984162
0.4892153322984162
0.4892153322984162
0.4892153322984162
0.4892153322984162
0.4892153322984162
0.4892153322984162
0.4892153322984162
0.4892153322984162
0.4892153322984162
0.4892153322984162
0.4892153322984162
0.4892153322984162
