0.4888353752052549
0.4888152317956246
0.4887807698122136
0.4887612523693944
0.4890596949001103
0.4887503484603291
0.4887540375195717
0.5038300391279734
0.4887543500989838
0.4890596949001103
0.488755616829246
0.4887543500989838
0.48874439936715625
0.4887236515835969
0.4890596949001103
0.489056619204242
0.4889786146197388
0.4889786146197388
0.4890187270055852
0.4890596949001103
0.4890596949001103
0.4890187270055852
0.4890596949001103
0.4890596949001103
0.4890596949001103
0.4890596949001103
0.4890596949001103
0.4890596949001103
0.4890596949001103
0.4890596949001103
0.4890596949001103
0.4890596949001103
0.48876031609224635
0.4887543858387739
0.4890596949001103
0.48875370706813903
0.4887695489042811
0.4890596949001103
0.48329475604759464
0.4890596949001103
0.48875728744319125
0.48874702510252094
0.48874366551945414
0.4890596949001103
0.4890596949001103
0.48881005673148425
0.4890596949001103
0.4890187270055852
0.4890187270055852
0.4890596949001103
0.4889786146197388
0.4890187270055852
0.4890596949001103
0.4890596949001103
0.4890596949001103
0.4890596949001103
0.4890596949001103
0.4890596949001103
0.4890596949001103
0.4890596949001103
0.4890596949001103
0.4890596949001103
0.4887826394424729
0.4890596949001103
0.4890596949001103
0.48877432768717033
0.4887816872438645
0.4890596949001103
0.4887457400168578
0.4890596949001103
0.48868583328119625
0.4887476492879556
0.4890596949001103
0.4890596949001103
0.4890596949001103
0.4890596949001103
0.4890596949001103
0.48889540483789284
0.4890596949001103
0.4890596949001103
0.489056619204242
0.4890596949001103
0.4890596949001103
0.4890596949001103
0.4890596949001103
0.4890596949001103
0.4890596949001103
0.4890596949001103
0.4890596949001103
0.4890596949001103
0.4890596949001103
0.4890596949001103
0.4890596949001103
0.4890596949001103
0.4890596949001103
0.4890596949001103
0.4890596949001103
0.4890596949001103
0.4890596949001103
0.4890596949001103
0.4890596949001103
0.4890596949001103
0.4890596949001103
0.4890596949001103
0.4890596949001103
0.4890596949001103
0.4890596949001103
0.4890596949001103
0.4890596949001103
0.4890596949001103
0.4890596949001103
0.4890596949001103
0.4890596949001103
0.4890596949001103
