0.48875716946489806
0.48872227236293747
0.488705155929521
0.48868553401706755
0.48883820412113765
0.488682354931107
0.48868169909114734
0.48868169354441954
0.4886859343058127
0.48883820412113765
0.48868169354441954
0.4886731936675896
0.48868013863799187
0.4886841719116166
0.48883820412113765
0.48868013309126496
0.4888357386870319
0.4888357386870319
0.4888357386870319
0.48883820412113765
0.48883820412113765
0.4888357386870319
0.48883820412113765
0.48883820412113765
0.48883820412113765
0.48883820412113765
0.48883820412113765
0.48883820412113765
0.48883820412113765
0.48883820412113765
0.48883820412113765
0.48883820412113765
0.4887078944654033
0.4887057392706938
0.48883820412113765
0.5038300391279734
0.4886887600154342
0.48883820412113765
0.48868169354441954
0.48883820412113765
0.48868013309126496
0.48868169354441954
0.4886774522957606
0.48883820412113765
0.48883820412113765
0.488689091930831
0.48883820412113765
0.4888357386870319
0.4888357386870319
0.48883820412113765
0.4888357386870319
0.4888357386870319
0.48883820412113765
0.48883820412113765
0.48883820412113765
0.48883820412113765
0.48883820412113765
0.48883820412113765
0.48883820412113765
0.48883820412113765
0.48883820412113765
0.48883820412113765
0.48869136999730456
0.48883820412113765
0.48883820412113765
0.48872296881220145
0.4832461582916635
0.48883820412113765
0.4886861550944194
0.48883820412113765
0.4886890740610515
0.4886731936675896
0.48883820412113765
0.48883820412113765
0.48883820412113765
0.48883820412113765
0.48883820412113765
0.4888357386870319
0.48883820412113765
0.48883820412113765
0.48883820412113765
0.48883820412113765
0.48883820412113765
0.48883820412113765
0.48883820412113765
0.48883820412113765
0.48883820412113765
0.48883820412113765
0.48883820412113765
0.48883820412113765
0.48883820412113765
0.48883820412113765
0.48883820412113765
0.48883820412113765
0.48883820412113765
0.48883820412113765
0.48883820412113765
0.48883820412113765
0.48883820412113765
0.48883820412113765
0.48883820412113765
0.48883820412113765
0.48883820412113765
0.48883820412113765
0.48883820412113765
0.48883820412113765
0.48883820412113765
0.48883820412113765
0.48883820412113765
0.48883820412113765
0.48883820412113765
0.48883820412113765
0.48883820412113765
0.48883820412113765
