-0.7562894821166992
-1.1058965921401978
1.0052292346954346
-0.7562894821166992
-1.1058965921401978
-1.1058965921401978
-1.1058965921401978
-0.805994987487793
-1.1058965921401978
-1.1058965921401978
-1.1058965921401978
-1.1058965921401978
-1.1058965921401978
-1.1058965921401978
-1.1058965921401978
-1.1058965921401978
-1.1058965921401978
-1.1058965921401978
-1.1058965921401978
-1.1058965921401978
-0.5985079407691956
1.0052292346954346
-1.1058965921401978
-1.1058965921401978
-1.1058965921401978
-1.1058965921401978
-1.1058965921401978
-1.1058965921401978
-1.1058965921401978
-1.1058965921401978
