-0.7562894821166992
-1.1058965921401978
-0.05538856238126755
-0.7562894821166992
-1.1058965921401978
-1.1058965921401978
-1.1058965921401978
-1.1058965921401978
-1.1058965921401978
-1.1058965921401978
-1.1058965921401978
-1.1058965921401978
-1.1058965921401978
-1.1058965921401978
-1.1058965921401978
-1.1058965921401978
-1.1058965921401978
-1.1058965921401978
-1.1058965921401978
-1.1058965921401978
-1.1058965921401978
-1.1058965921401978
-1.1058965921401978
-1.1058965921401978
-0.7562894821166992
-1.1058965921401978
-1.173622727394104
-1.1058965921401978
-1.1058965921401978
-0.05538856238126755
