-0.7562894821166992
-1.1058965921401978
-0.7562894821166992
-0.7562894821166992
-1.1058965921401978
-1.1058965921401978
-1.1058965921401978
-1.1700356006622314
-1.1058965921401978
-1.1058965921401978
-1.1058965921401978
-1.1058965921401978
-1.1058965921401978
-1.1058965921401978
-1.1058965921401978
-1.1058965921401978
-1.1058965921401978
-1.1058965921401978
1.0208244323730469
1.2646397352218628
-1.1058965921401978
-1.1058965921401978
-1.1058965921401978
-1.1058965921401978
-1.1058965921401978
-1.1058965921401978
-1.1058965921401978
-0.7562894821166992
-1.1058965921401978
-1.1058965921401978
