-1.155602216720581
-1.1058965921401978
-1.1058965921401978
-1.155602216720581
0.9448990821838379
-1.1058965921401978
-1.1058965921401978
-1.1058965921401978
-1.1058965921401978
-1.1058965921401978
-1.1058965921401978
-1.1058965921401978
-1.1058965921401978
-1.1058965921401978
-1.1058965921401978
-1.1058965921401978
-1.1058965921401978
-1.1058965921401978
-1.1058965921401978
-1.1058965921401978
-1.1058965921401978
-1.1058965921401978
-1.1058965921401978
-1.1058965921401978
-1.1058965921401978
-1.1058965921401978
-1.1058965921401978
-1.1058965921401978
-1.1058965921401978
-1.1058965921401978
