-0.7239440679550171
0.9448990821838379
-1.1058965921401978
-1.1058965921401978
-1.1058965921401978
-1.1058965921401978
-1.1058965921401978
-1.1058965921401978
-1.1058965921401978
-1.1058965921401978
-1.1058965921401978
-1.1058965921401978
-1.1058965921401978
-1.1058965921401978
-1.1058965921401978
-1.1058965921401978
-1.1058965921401978
-1.1058965921401978
-1.1058965921401978
-1.1058965921401978
-1.1058965921401978
-1.1058965921401978
-1.1058965921401978
-1.1058965921401978
-1.1058965921401978
-1.1058965921401978
-1.1058965921401978
-1.1058965921401978
-1.1058965921401978
-1.1058965921401978
