-0.21655535697937012
0.5960220098495483
-1.1058965921401978
-1.1058965921401978
-1.1058965921401978
-1.1058965921401978
-1.1058965921401978
-1.1058965921401978
-1.1058965921401978
-1.1058965921401978
-1.1058965921401978
-1.1058965921401978
-1.1058965921401978
-1.1058965921401978
-1.1058965921401978
-1.1058965921401978
-1.1058965921401978
-1.1058965921401978
-1.1058965921401978
-1.1058965921401978
-1.1058965921401978
-1.1058965921401978
-1.1058965921401978
-1.1058965921401978
-1.1058965921401978
-1.1058965921401978
-1.1058965921401978
-1.1058965921401978
-1.1058965921401978
-1.1058965921401978
