-0.7562894821166992
-1.1058965921401978
-0.7562894821166992
-0.7562894821166992
-1.1058965921401978
-1.1058965921401978
-1.1058965921401978
-1.1058965921401978
-1.1058965921401978
-1.1058965921401978
-1.1058965921401978
-1.1058965921401978
-1.1058965921401978
-1.1058965921401978
-1.1058965921401978
-1.1058965921401978
-1.1058965921401978
-1.1058965921401978
-1.1058965921401978
-1.1058965921401978
-1.1058965921401978
-1.1058965921401978
-1.1058965921401978
-1.1058965921401978
-0.7562894821166992
-1.1058965921401978
-0.21655535697937012
-0.7562894821166992
1.0063321590423584
-0.7562894821166992
