-0.7562894821166992
-1.1058965921401978
-0.7562894821166992
-0.7562894821166992
-1.1058965921401978
-1.1058965921401978
-0.7562894821166992
-1.1058965921401978
-1.1058965921401978
-1.1058965921401978
-0.3743368983268738
-1.1058965921401978
-1.1058965921401978
-0.16772007942199707
1.2646397352218628
-0.7562894821166992
-1.1058965921401978
-1.1058965921401978
-1.1058965921401978
-1.1058965921401978
-1.1058965921401978
-1.1058965921401978
-1.1058965921401978
-1.1058965921401978
-1.1058965921401978
-1.1058965921401978
-1.1058965921401978
-1.1058965921401978
-1.1058965921401978
-1.1058965921401978
