-0.7562894821166992
-1.1058965921401978
-0.21655535697937012
-0.7562894821166992
-1.1058965921401978
-1.1058965921401978
-1.1058965921401978
-0.7562894821166992
-1.1058965921401978
-1.1058965921401978
-1.1058965921401978
-1.1058965921401978
-1.1058965921401978
-1.1058965921401978
-1.1058965921401978
-1.1058965921401978
-0.23397764563560486
-1.1058965921401978
-1.1058965921401978
-1.173622727394104
-1.1058965921401978
-1.1058965921401978
-1.1058965921401978
-1.1058965921401978
-1.1058965921401978
-1.1058965921401978
-1.1058965921401978
-1.1058965921401978
-1.1058965921401978
-1.1058965921401978
