-0.7562894821166992
-1.1058965921401978
1.2646397352218628
-0.7562894821166992
-1.1058965921401978
-1.1058965921401978
-1.1058965921401978
-1.1058965921401978
-1.1058965921401978
-1.1058965921401978
-1.1058965921401978
-1.1058965921401978
-1.1058965921401978
-1.1058965921401978
-1.1058965921401978
-1.1058965921401978
-1.1058965921401978
-1.1058965921401978
-1.1058965921401978
-1.1058965921401978
-1.1058965921401978
-1.1058965921401978
-1.1058965921401978
-1.1058965921401978
-0.7562894821166992
-1.1058965921401978
1.2646397352218628
-1.1058965921401978
-1.1058965921401978
-1.1058965921401978
