0.0
0.0037763932098944983
0.0037763932098944983
0.0037763932098944983
0.0037763932098944983
0.0037763932098944983
0.0037763932098944983
0.0037763932098944983
0.0037763932098944983
0.0037763932098944983
0.0037763932098944983
0.0037763932098944983
0.0037763932098944983
0.0037763932098944983
0.0037763932098944983
0.0037763932098944983
0.0037763932098944983
0.0037763932098944983
0.0037763932098944983
0.0037763932098944983
0.0037763932098944983
4.916371932874123E-4
0.0037763932098944983
0.0037763932098944983
4.916371932874123E-4
0.0037763932098944983
4.916371932874123E-4
0.0037763932098944983
0.0037763932098944983
0.0037763932098944983
0.0037763932098944983
0.0037763932098944983
