2.6196204125881193E-4
0.0038631221434722346
0.0038631221434722346
0.0038631221434722346
0.0038631221434722346
1.9482153002172708E-4
0.0038631221434722346
0.0038631221434722346
0.0
0.0038631221434722346
0.0
0.0038631221434722346
0.0038631221434722346
0.0038631221434722346
2.576549770310521E-4
0.0038631221434722346
0.0038631221434722346
0.0038631221434722346
0.0038631221434722346
0.0038631221434722346
0.0038631221434722346
0.0038631221434722346
0.0038631221434722346
0.0038631221434722346
0.0
0.0038631221434722346
7.717446268846591E-4
0.0038631221434722346
0.0038631221434722346
0.0038631221434722346
0.0
0.0038631221434722346
