0.0
0.0037763932098944983
0.0037763932098944983
0.0037763932098944983
0.0037763932098944983
0.005532947074001034
0.0037763932098944983
0.0037763932098944983
4.4089328730478883E-4
0.0037763932098944983
6.485553031476836E-4
0.0010958840178015331
0.0037763932098944983
0.0037763932098944983
0.0
0.0037763932098944983
0.0037763932098944983
0.0037763932098944983
0.0037763932098944983
0.0037763932098944983
0.0037763932098944983
2.460591960698366E-4
0.0037763932098944983
0.0037763932098944983
0.0
0.0037763932098944983
4.916371932874123E-4
0.0037763932098944983
0.0037763932098944983
0.0037763932098944983
5.735928386760255E-4
0.0037763932098944983
