0.0
0.0037763932098944983
0.0037763932098944983
0.0037763932098944983
0.0037763932098944983
0.005532947074001034
0.0037763932098944983
0.0037763932098944983
0.0010958840178015331
0.0037763932098944983
6.485553031476836E-4
0.0037763932098944983
0.0037763932098944983
0.0037763932098944983
7.203624195729692E-4
0.0037763932098944983
0.0037763932098944983
0.0037763932098944983
0.0037763932098944983
0.0037763932098944983
0.0037763932098944983
0.0
0.0037763932098944983
0.0037763932098944983
9.138637726816038E-4
0.0037763932098944983
4.916371932874123E-4
0.0037763932098944983
0.0037763932098944983
0.0037763932098944983
0.0037763932098944983
0.0037763932098944983
