-0.8190661668777466
0.14602342247962952
0.14602342247962952
0.14602342247962952
0.14602342247962952
0.14602342247962952
0.14602342247962952
0.14602342247962952
0.14602342247962952
0.14602342247962952
0.14602342247962952
0.14602342247962952
0.14602342247962952
0.14602342247962952
0.14602342247962952
0.14602342247962952
0.14602342247962952
0.14602342247962952
0.14602342247962952
0.14602342247962952
0.14602342247962952
-0.8190661668777466
0.14602342247962952
0.14602342247962952
-0.8190661668777466
0.14602342247962952
-0.8190661668777466
0.14602342247962952
0.14602342247962952
0.14602342247962952
0.14602342247962952
0.14602342247962952
