-0.8190661668777466
0.0031304366420954466
0.0031304366420954466
0.0031304366420954466
0.0031304366420954466
0.5529607534408569
0.0031304366420954466
0.0031304366420954466
-0.8190661668777466
0.0031304366420954466
-0.8190661668777466
-0.8190661668777466
0.0031304366420954466
0.0031304366420954466
-0.8190661668777466
0.0031304366420954466
0.0031304366420954466
0.0031304366420954466
0.0031304366420954466
0.0031304366420954466
0.0031304366420954466
-0.8190661668777466
0.0031304366420954466
0.0031304366420954466
-0.8190661668777466
0.0031304366420954466
-0.8190661668777466
0.0031304366420954466
0.0031304366420954466
0.0031304366420954466
-0.8190661668777466
0.0031304366420954466
