0.02458333397905032
9.242424353336294E-4
9.242424353336294E-4
9.242424353336294E-4
9.242424353336294E-4
9.242424353336294E-4
9.242424353336294E-4
9.242424353336294E-4
9.242424353336294E-4
9.242424353336294E-4
9.242424353336294E-4
9.242424353336294E-4
9.242424353336294E-4
9.242424353336294E-4
9.242424353336294E-4
9.242424353336294E-4
9.242424353336294E-4
9.242424353336294E-4
9.242424353336294E-4
9.242424353336294E-4
9.242424353336294E-4
9.242424353336294E-4
9.242424353336294E-4
9.242424353336294E-4
9.242424353336294E-4
0.02458333397905032
9.242424353336294E-4
9.242424353336294E-4
9.242424353336294E-4
9.242424353336294E-4
9.242424353336294E-4
9.242424353336294E-4
9.242424353336294E-4
9.242424353336294E-4
9.242424353336294E-4
9.242424353336294E-4
9.242424353336294E-4
9.242424353336294E-4
9.242424353336294E-4
9.242424353336294E-4
9.242424353336294E-4
9.242424353336294E-4
9.242424353336294E-4
9.242424353336294E-4
9.242424353336294E-4
9.242424353336294E-4
9.242424353336294E-4
9.242424353336294E-4
9.242424353336294E-4
9.242424353336294E-4
9.242424353336294E-4
9.242424353336294E-4
9.242424353336294E-4
9.242424353336294E-4
9.242424353336294E-4
9.242424353336294E-4
9.242424353336294E-4
