0.016607981640845537
0.006436567258788273
3.7701992550864816E-4
3.7701992550864816E-4
3.7701992550864816E-4
3.7701992550864816E-4
3.7701992550864816E-4
3.7701992550864816E-4
3.7701992550864816E-4
3.7701992550864816E-4
3.7701992550864816E-4
3.7701992550864816E-4
3.7701992550864816E-4
3.7701992550864816E-4
3.7701992550864816E-4
3.7701992550864816E-4
3.7701992550864816E-4
3.7701992550864816E-4
3.7701992550864816E-4
3.7701992550864816E-4
3.7701992550864816E-4
3.7701992550864816E-4
3.7701992550864816E-4
3.7701992550864816E-4
3.7701992550864816E-4
3.7701992550864816E-4
3.7701992550864816E-4
3.7701992550864816E-4
3.7701992550864816E-4
3.7701992550864816E-4
