0.010063385954708792
1.8656716565601528E-4
0.010249953120364808
0.010063385954708792
0.047073169611394405
3.7701992550864816E-4
1.8656716565601528E-4
3.0033280927455053E-4
1.8656716565601528E-4
1.8656716565601528E-4
5.560253048315644E-4
3.0033280927455053E-4
1.8656716565601528E-4
3.0033280927455053E-4
1.8656716565601528E-4
1.8656716565601528E-4
1.8656716565601528E-4
1.8656716565601528E-4
0.025186567538185045
0.025186567538185045
1.8656716565601528E-4
1.8656716565601528E-4
1.8656716565601528E-4
0.010249953120364808
1.8656716565601528E-4
1.8656716565601528E-4
1.8656716565601528E-4
3.0033280927455053E-4
1.8656716565601528E-4
5.560253048315644E-4
