0.012997340061701834
3.7701992550864816E-4
0.047073169611394405
0.012997340061701834
1.8656716565601528E-4
3.0033280927455053E-4
1.8656716565601528E-4
0.012997340061701834
1.8656716565601528E-4
1.8656716565601528E-4
5.560253048315644E-4
1.8656716565601528E-4
1.8656716565601528E-4
5.560253048315644E-4
1.8656716565601528E-4
1.8656716565601528E-4
1.8656716565601528E-4
0.04302561000804417
1.8656716565601528E-4
5.560253048315644E-4
1.8656716565601528E-4
1.8656716565601528E-4
3.0033280927455053E-4
3.0033280927455053E-4
1.8656716565601528E-4
1.8656716565601528E-4
1.8656716565601528E-4
1.8656716565601528E-4
1.8656716565601528E-4
5.560253048315644E-4
