6.85558989061974E-4
3.7701992550864816E-4
0.047073169611394405
6.85558989061974E-4
3.0033280927455053E-4
3.0033280927455053E-4
3.0033280927455053E-4
6.85558989061974E-4
1.8656716565601528E-4
1.8656716565601528E-4
1.8656716565601528E-4
1.8656716565601528E-4
1.8656716565601528E-4
1.8656716565601528E-4
1.8656716565601528E-4
1.8656716565601528E-4
0.047073169611394405
1.8656716565601528E-4
1.8656716565601528E-4
1.8656716565601528E-4
1.8656716565601528E-4
1.8656716565601528E-4
3.0033280927455053E-4
3.0033280927455053E-4
3.0033280927455053E-4
1.8656716565601528E-4
1.8656716565601528E-4
1.8656716565601528E-4
1.8656716565601528E-4
1.8656716565601528E-4
