0.016607981640845537
0.05643656800384633
3.7701992550864816E-4
3.7701992550864816E-4
3.7701992550864816E-4
3.7701992550864816E-4
3.7701992550864816E-4
3.7701992550864816E-4
3.7701992550864816E-4
3.7701992550864816E-4
3.7701992550864816E-4
3.7701992550864816E-4
3.7701992550864816E-4
3.7701992550864816E-4
3.7701992550864816E-4
3.7701992550864816E-4
3.7701992550864816E-4
3.7701992550864816E-4
3.7701992550864816E-4
3.7701992550864816E-4
3.7701992550864816E-4
3.7701992550864816E-4
3.7701992550864816E-4
3.7701992550864816E-4
3.7701992550864816E-4
3.7701992550864816E-4
3.7701992550864816E-4
3.7701992550864816E-4
3.7701992550864816E-4
3.7701992550864816E-4
