3.6945813917554915E-4
0.006550332902406808
0.004722692188806832
3.6945813917554915E-4
0.02526677117566578
0.004722692188806832
0.004722692188806832
0.004722692188806832
0.004722692188806832
0.004722692188806832
0.004722692188806832
0.004722692188806832
0.004722692188806832
0.004722692188806832
0.004722692188806832
0.004722692188806832
0.004722692188806832
0.004722692188806832
0.004722692188806832
0.004722692188806832
0.004722692188806832
0.004722692188806832
0.004722692188806832
3.7701992550864816E-4
0.004722692188806832
0.004722692188806832
0.004722692188806832
0.004722692188806832
0.004722692188806832
0.004722692188806832
