0.047073169611394405
0.047073169611394405
3.7701992550864816E-4
3.7701992550864816E-4
3.7701992550864816E-4
3.7701992550864816E-4
3.7701992550864816E-4
3.7701992550864816E-4
3.7701992550864816E-4
3.7701992550864816E-4
3.7701992550864816E-4
3.7701992550864816E-4
3.7701992550864816E-4
3.7701992550864816E-4
3.7701992550864816E-4
3.7701992550864816E-4
3.7701992550864816E-4
3.7701992550864816E-4
3.7701992550864816E-4
3.7701992550864816E-4
3.7701992550864816E-4
3.7701992550864816E-4
3.7701992550864816E-4
3.7701992550864816E-4
3.7701992550864816E-4
3.7701992550864816E-4
3.7701992550864816E-4
3.7701992550864816E-4
3.7701992550864816E-4
3.7701992550864816E-4
