0.0154117651283741
9.5164286904037E-4
9.5164286904037E-4
9.5164286904037E-4
9.5164286904037E-4
9.5164286904037E-4
6.191556807607412E-4
0.0020121279638260605
9.5164286904037E-4
9.5164286904037E-4
9.5164286904037E-4
8.387999143451453E-4
6.191556807607412E-4
9.5164286904037E-4
9.5164286904037E-4
9.5164286904037E-4
9.5164286904037E-4
9.5164286904037E-4
9.5164286904037E-4
9.5164286904037E-4
9.5164286904037E-4
9.5164286904037E-4
9.5164286904037E-4
9.5164286904037E-4
9.5164286904037E-4
9.5164286904037E-4
9.5164286904037E-4
9.5164286904037E-4
9.5164286904037E-4
9.5164286904037E-4
9.5164286904037E-4
9.5164286904037E-4
9.5164286904037E-4
9.5164286904037E-4
9.5164286904037E-4
9.5164286904037E-4
9.5164286904037E-4
9.5164286904037E-4
9.5164286904037E-4
9.5164286904037E-4
9.5164286904037E-4
9.5164286904037E-4
9.5164286904037E-4
9.5164286904037E-4
9.5164286904037E-4
9.5164286904037E-4
9.5164286904037E-4
9.5164286904037E-4
9.5164286904037E-4
9.5164286904037E-4
9.5164286904037E-4
9.5164286904037E-4
9.5164286904037E-4
9.5164286904037E-4
9.5164286904037E-4
9.5164286904037E-4
9.5164286904037E-4
9.5164286904037E-4
9.5164286904037E-4
9.5164286904037E-4
9.5164286904037E-4
9.5164286904037E-4
9.5164286904037E-4
9.5164286904037E-4
9.5164286904037E-4
9.5164286904037E-4
9.5164286904037E-4
9.5164286904037E-4
9.5164286904037E-4
9.5164286904037E-4
9.5164286904037E-4
9.5164286904037E-4
9.5164286904037E-4
9.5164286904037E-4
9.5164286904037E-4
9.5164286904037E-4
9.5164286904037E-4
9.5164286904037E-4
9.5164286904037E-4
9.5164286904037E-4
9.5164286904037E-4
