0.014774932339787484
0.00109854016918689
0.00109854016918689
0.00109854016918689
0.00109854016918689
0.00109854016918689
0.00109854016918689
0.00109854016918689
0.00109854016918689
0.00109854016918689
6.191556807607412E-4
6.191556807607412E-4
6.191556807607412E-4
0.00109854016918689
0.00109854016918689
0.00109854016918689
0.00109854016918689
0.00109854016918689
0.00109854016918689
0.00109854016918689
0.00109854016918689
0.00109854016918689
0.00109854016918689
0.00109854016918689
0.00109854016918689
0.00109854016918689
0.00109854016918689
0.00109854016918689
0.00109854016918689
0.00109854016918689
0.00109854016918689
0.00109854016918689
0.00109854016918689
0.00109854016918689
0.00109854016918689
0.00109854016918689
0.00109854016918689
0.00109854016918689
0.00109854016918689
0.00109854016918689
0.00109854016918689
0.00109854016918689
0.00109854016918689
0.00109854016918689
0.00109854016918689
0.00109854016918689
0.00109854016918689
0.00109854016918689
0.00109854016918689
0.00109854016918689
0.00109854016918689
0.00109854016918689
0.00109854016918689
0.00109854016918689
0.00109854016918689
0.00109854016918689
0.00109854016918689
0.00109854016918689
0.00109854016918689
0.00109854016918689
0.00109854016918689
0.00109854016918689
0.00109854016918689
0.00109854016918689
0.00109854016918689
0.00109854016918689
0.00109854016918689
0.00109854016918689
0.00109854016918689
0.00109854016918689
0.00109854016918689
0.00109854016918689
0.00109854016918689
0.00109854016918689
0.00109854016918689
0.00109854016918689
0.00109854016918689
0.00109854016918689
0.00109854016918689
0.00109854016918689
0.00109854016918689
