0.0154117651283741
0.001171287102624774
0.001171287102624774
0.001171287102624774
0.001171287102624774
0.001171287102624774
0.001171287102624774
0.001171287102624774
6.191556807607412E-4
6.191556807607412E-4
0.001171287102624774
8.387999143451453E-4
0.001171287102624774
0.001171287102624774
8.387999143451453E-4
0.001171287102624774
0.001171287102624774
0.001171287102624774
0.001171287102624774
0.001171287102624774
0.001171287102624774
0.001171287102624774
0.001171287102624774
0.001171287102624774
0.001171287102624774
6.191556807607412E-4
0.0020121279638260605
0.001171287102624774
0.001171287102624774
0.001171287102624774
0.001171287102624774
0.001171287102624774
0.001171287102624774
0.001171287102624774
0.001171287102624774
0.001171287102624774
0.001171287102624774
0.001171287102624774
0.001171287102624774
0.001171287102624774
0.001171287102624774
0.001171287102624774
0.001171287102624774
0.001171287102624774
0.001171287102624774
0.001171287102624774
0.001171287102624774
0.001171287102624774
0.001171287102624774
0.001171287102624774
0.001171287102624774
0.001171287102624774
0.001171287102624774
0.001171287102624774
0.001171287102624774
0.001171287102624774
0.001171287102624774
0.001171287102624774
0.001171287102624774
0.001171287102624774
0.001171287102624774
0.001171287102624774
0.001171287102624774
0.001171287102624774
0.001171287102624774
0.001171287102624774
0.001171287102624774
0.001171287102624774
0.001171287102624774
0.001171287102624774
0.001171287102624774
0.001171287102624774
0.001171287102624774
0.001171287102624774
0.001171287102624774
0.001171287102624774
0.001171287102624774
0.001171287102624774
0.001171287102624774
0.001171287102624774
0.001171287102624774
