0.014774932339787484
6.191556807607412E-4
6.191556807607412E-4
6.191556807607412E-4
6.191556807607412E-4
6.191556807607412E-4
6.191556807607412E-4
6.191556807607412E-4
6.191556807607412E-4
6.191556807607412E-4
6.191556807607412E-4
6.191556807607412E-4
6.191556807607412E-4
6.191556807607412E-4
6.191556807607412E-4
6.191556807607412E-4
6.191556807607412E-4
6.191556807607412E-4
6.191556807607412E-4
6.191556807607412E-4
6.191556807607412E-4
6.191556807607412E-4
6.191556807607412E-4
6.191556807607412E-4
6.191556807607412E-4
6.191556807607412E-4
6.191556807607412E-4
6.191556807607412E-4
6.191556807607412E-4
6.191556807607412E-4
6.191556807607412E-4
6.191556807607412E-4
6.191556807607412E-4
6.191556807607412E-4
6.191556807607412E-4
6.191556807607412E-4
6.191556807607412E-4
6.191556807607412E-4
6.191556807607412E-4
6.191556807607412E-4
6.191556807607412E-4
6.191556807607412E-4
6.191556807607412E-4
6.191556807607412E-4
6.191556807607412E-4
6.191556807607412E-4
6.191556807607412E-4
6.191556807607412E-4
6.191556807607412E-4
6.191556807607412E-4
6.191556807607412E-4
6.191556807607412E-4
6.191556807607412E-4
6.191556807607412E-4
6.191556807607412E-4
6.191556807607412E-4
6.191556807607412E-4
6.191556807607412E-4
6.191556807607412E-4
6.191556807607412E-4
6.191556807607412E-4
6.191556807607412E-4
6.191556807607412E-4
6.191556807607412E-4
6.191556807607412E-4
6.191556807607412E-4
6.191556807607412E-4
6.191556807607412E-4
6.191556807607412E-4
6.191556807607412E-4
6.191556807607412E-4
6.191556807607412E-4
6.191556807607412E-4
6.191556807607412E-4
6.191556807607412E-4
6.191556807607412E-4
6.191556807607412E-4
6.191556807607412E-4
6.191556807607412E-4
6.191556807607412E-4
6.191556807607412E-4
