0.014774932339787484
0.00106195705011487
0.00106195705011487
0.00106195705011487
0.00106195705011487
0.00106195705011487
0.00106195705011487
0.00106195705011487
6.191556807607412E-4
0.00106195705011487
0.0028413517167791722
6.191556807607412E-4
0.00106195705011487
0.00106195705011487
0.00106195705011487
0.00106195705011487
0.00106195705011487
0.00106195705011487
0.00106195705011487
0.00106195705011487
0.00106195705011487
0.00106195705011487
0.00106195705011487
0.00106195705011487
0.00106195705011487
0.00106195705011487
0.00106195705011487
0.00106195705011487
0.00106195705011487
0.00106195705011487
0.00106195705011487
0.00106195705011487
0.00106195705011487
0.00106195705011487
0.00106195705011487
0.00106195705011487
0.00106195705011487
0.00106195705011487
0.00106195705011487
0.00106195705011487
0.00106195705011487
0.00106195705011487
0.00106195705011487
0.00106195705011487
0.00106195705011487
0.00106195705011487
0.00106195705011487
0.00106195705011487
0.00106195705011487
0.00106195705011487
0.00106195705011487
0.00106195705011487
0.00106195705011487
0.00106195705011487
0.00106195705011487
0.00106195705011487
0.00106195705011487
0.00106195705011487
0.00106195705011487
0.00106195705011487
0.00106195705011487
0.00106195705011487
0.00106195705011487
0.00106195705011487
0.00106195705011487
0.00106195705011487
0.00106195705011487
0.00106195705011487
0.00106195705011487
0.00106195705011487
0.00106195705011487
0.00106195705011487
0.00106195705011487
0.00106195705011487
0.00106195705011487
0.00106195705011487
0.00106195705011487
0.00106195705011487
0.00106195705011487
0.00106195705011487
0.00106195705011487
