0.015194996415326992
0.0013953440356999636
0.0013953440356999636
0.0013953440356999636
0.0013953440356999636
0.0013953440356999636
0.0013953440356999636
0.0013953440356999636
3.616295056417584E-4
0.0013953440356999636
3.616295056417584E-4
3.616295056417584E-4
0.0013953440356999636
0.0013953440356999636
0.0013953440356999636
0.0013953440356999636
0.0013953440356999636
0.0013953440356999636
0.0013953440356999636
0.0013953440356999636
0.0013953440356999636
0.0013953440356999636
0.0013953440356999636
0.0013953440356999636
0.0013953440356999636
0.0013953440356999636
0.0013953440356999636
0.0013953440356999636
0.0013953440356999636
0.0013953440356999636
0.0013953440356999636
0.0013953440356999636
0.0013953440356999636
0.0013953440356999636
0.0013953440356999636
0.0013953440356999636
0.0013953440356999636
0.0013953440356999636
0.0013953440356999636
0.0013953440356999636
0.0013953440356999636
0.0013953440356999636
0.0013953440356999636
0.0013953440356999636
0.0013953440356999636
0.0013953440356999636
0.0013953440356999636
0.0013953440356999636
0.0013953440356999636
0.0013953440356999636
0.0013953440356999636
0.0013953440356999636
0.0013953440356999636
0.0013953440356999636
0.0013953440356999636
0.0013953440356999636
0.0013953440356999636
0.0013953440356999636
0.0013953440356999636
0.0013953440356999636
0.0013953440356999636
0.0013953440356999636
0.0013953440356999636
0.0013953440356999636
0.0013953440356999636
0.0013953440356999636
0.0013953440356999636
0.0013953440356999636
0.0013953440356999636
0.0013953440356999636
0.0013953440356999636
0.0013953440356999636
0.0013953440356999636
0.0013953440356999636
0.0013953440356999636
0.0013953440356999636
0.0013953440356999636
0.0013953440356999636
0.0013953440356999636
0.0013953440356999636
0.0013953440356999636
