0.015194996415326992
0.001510151793869833
0.001510151793869833
0.001510151793869833
0.001510151793869833
0.001510151793869833
0.001081151352263987
0.001182161457836628
0.001510151793869833
0.001510151793869833
0.001510151793869833
4.4820959058900677E-4
3.6582747319092356E-4
0.001510151793869833
0.001510151793869833
0.001510151793869833
0.001510151793869833
0.001510151793869833
0.001510151793869833
0.001510151793869833
0.001510151793869833
0.001510151793869833
0.001510151793869833
0.001510151793869833
0.001510151793869833
0.001510151793869833
0.001510151793869833
0.001510151793869833
0.001510151793869833
0.001510151793869833
0.001510151793869833
0.001510151793869833
0.001510151793869833
0.001510151793869833
0.001510151793869833
0.001510151793869833
0.001510151793869833
0.001510151793869833
0.001510151793869833
0.001510151793869833
0.001510151793869833
0.001510151793869833
0.001510151793869833
0.001510151793869833
0.001510151793869833
0.001510151793869833
0.001510151793869833
0.001510151793869833
0.001510151793869833
0.001510151793869833
0.001510151793869833
0.001510151793869833
0.001510151793869833
0.001510151793869833
0.001510151793869833
0.001510151793869833
0.001510151793869833
0.001510151793869833
0.001510151793869833
0.001510151793869833
0.001510151793869833
0.001510151793869833
0.001510151793869833
0.001510151793869833
0.001510151793869833
0.001510151793869833
0.001510151793869833
0.001510151793869833
0.001510151793869833
0.001510151793869833
0.001510151793869833
0.001510151793869833
0.001510151793869833
0.001510151793869833
0.001510151793869833
0.001510151793869833
0.001510151793869833
0.001510151793869833
0.001510151793869833
0.001510151793869833
0.001510151793869833
