0.015194996415326992
0.0012405012113352618
0.0012405012113352618
0.0012405012113352618
0.0012405012113352618
0.0012405012113352618
0.0012405012113352618
0.0012405012113352618
0.0012405012113352618
0.0012405012113352618
2.1323006755361953E-4
2.1323006755361953E-4
2.1323006755361953E-4
0.0012405012113352618
0.0012405012113352618
0.0012405012113352618
0.0012405012113352618
0.0012405012113352618
0.0012405012113352618
0.0012405012113352618
0.0012405012113352618
0.0012405012113352618
0.0012405012113352618
0.0012405012113352618
0.0012405012113352618
0.0012405012113352618
0.0012405012113352618
0.0012405012113352618
0.0012405012113352618
0.0012405012113352618
0.0012405012113352618
0.0012405012113352618
0.0012405012113352618
0.0012405012113352618
0.0012405012113352618
0.0012405012113352618
0.0012405012113352618
0.0012405012113352618
0.0012405012113352618
0.0012405012113352618
0.0012405012113352618
0.0012405012113352618
0.0012405012113352618
0.0012405012113352618
0.0012405012113352618
0.0012405012113352618
0.0012405012113352618
0.0012405012113352618
0.0012405012113352618
0.0012405012113352618
0.0012405012113352618
0.0012405012113352618
0.0012405012113352618
0.0012405012113352618
0.0012405012113352618
0.0012405012113352618
0.0012405012113352618
0.0012405012113352618
0.0012405012113352618
0.0012405012113352618
0.0012405012113352618
0.0012405012113352618
0.0012405012113352618
0.0012405012113352618
0.0012405012113352618
0.0012405012113352618
0.0012405012113352618
0.0012405012113352618
0.0012405012113352618
0.0012405012113352618
0.0012405012113352618
0.0012405012113352618
0.0012405012113352618
0.0012405012113352618
0.0012405012113352618
0.0012405012113352618
0.0012405012113352618
0.0012405012113352618
0.0012405012113352618
0.0012405012113352618
0.0012405012113352618
