0.015194996415326992
0.0020316754623005786
0.0020316754623005786
0.0020316754623005786
0.0020316754623005786
0.0020316754623005786
0.0020316754623005786
0.0020316754623005786
2.9981015250086785E-4
0.0011522245593369007
0.0020316754623005786
2.8994660048435134E-4
0.0020316754623005786
0.0020316754623005786
0.001397285657003522
0.0020316754623005786
0.0020316754623005786
0.0020316754623005786
0.0020316754623005786
0.0020316754623005786
0.0020316754623005786
0.0020316754623005786
0.0020316754623005786
0.0020316754623005786
0.0020316754623005786
2.9981015250086785E-4
0.0018671786645427346
0.0020316754623005786
0.0020316754623005786
0.0020316754623005786
0.0020316754623005786
0.0020316754623005786
0.0020316754623005786
0.0020316754623005786
0.0020316754623005786
0.0020316754623005786
0.0020316754623005786
0.0020316754623005786
0.0020316754623005786
0.0020316754623005786
0.0020316754623005786
0.0020316754623005786
0.0020316754623005786
0.0020316754623005786
0.0020316754623005786
0.0020316754623005786
0.0020316754623005786
0.0020316754623005786
0.0020316754623005786
0.0020316754623005786
0.0020316754623005786
0.0020316754623005786
0.0020316754623005786
0.0020316754623005786
0.0020316754623005786
0.0020316754623005786
0.0020316754623005786
0.0020316754623005786
0.0020316754623005786
0.0020316754623005786
0.0020316754623005786
0.0020316754623005786
0.0020316754623005786
0.0020316754623005786
0.0020316754623005786
0.0020316754623005786
0.0020316754623005786
0.0020316754623005786
0.0020316754623005786
0.0020316754623005786
0.0020316754623005786
0.0020316754623005786
0.0020316754623005786
0.0020316754623005786
0.0020316754623005786
0.0020316754623005786
0.0020316754623005786
0.0020316754623005786
0.0020316754623005786
0.0020316754623005786
0.0020316754623005786
