0.015194996415326992
0.0010736902942880989
0.0010736902942880989
0.0010736902942880989
0.0010736902942880989
0.0010736902942880989
0.0010736902942880989
0.0010736902942880989
2.1323006755361953E-4
0.0010736902942880989
0.003009506811698278
2.1323006755361953E-4
0.0010736902942880989
0.0010736902942880989
0.0010736902942880989
0.0010736902942880989
0.0010736902942880989
0.0010736902942880989
0.0010736902942880989
0.0010736902942880989
0.0010736902942880989
0.0010736902942880989
0.0010736902942880989
0.0010736902942880989
0.0010736902942880989
0.0010736902942880989
0.0010736902942880989
0.0010736902942880989
0.0010736902942880989
0.0010736902942880989
0.0010736902942880989
0.0010736902942880989
0.0010736902942880989
0.0010736902942880989
0.0010736902942880989
0.0010736902942880989
0.0010736902942880989
0.0010736902942880989
0.0010736902942880989
0.0010736902942880989
0.0010736902942880989
0.0010736902942880989
0.0010736902942880989
0.0010736902942880989
0.0010736902942880989
0.0010736902942880989
0.0010736902942880989
0.0010736902942880989
0.0010736902942880989
0.0010736902942880989
0.0010736902942880989
0.0010736902942880989
0.0010736902942880989
0.0010736902942880989
0.0010736902942880989
0.0010736902942880989
0.0010736902942880989
0.0010736902942880989
0.0010736902942880989
0.0010736902942880989
0.0010736902942880989
0.0010736902942880989
0.0010736902942880989
0.0010736902942880989
0.0010736902942880989
0.0010736902942880989
0.0010736902942880989
0.0010736902942880989
0.0010736902942880989
0.0010736902942880989
0.0010736902942880989
0.0010736902942880989
0.0010736902942880989
0.0010736902942880989
0.0010736902942880989
0.0010736902942880989
0.0010736902942880989
0.0010736902942880989
0.0010736902942880989
0.0010736902942880989
0.0010736902942880989
