2.638484239578247
-3.3910086154937744
-3.3910086154937744
-3.3910086154937744
-3.3910086154937744
-3.3910086154937744
-3.3910086154937744
-3.3910086154937744
-3.3910086154937744
-3.3910086154937744
-3.3910086154937744
-3.3910086154937744
-3.3910086154937744
-3.3910086154937744
-3.3910086154937744
-3.3910086154937744
-3.3910086154937744
-3.3910086154937744
-3.3910086154937744
-3.3910086154937744
-3.3910086154937744
-3.3910086154937744
-3.3910086154937744
-3.3910086154937744
-3.3910086154937744
2.638484239578247
-3.3910086154937744
-3.3910086154937744
-3.3910086154937744
-3.3910086154937744
-3.3910086154937744
-3.3910086154937744
-3.3910086154937744
-3.3910086154937744
-3.3910086154937744
-3.3910086154937744
-3.3910086154937744
-3.3910086154937744
-3.3910086154937744
-3.3910086154937744
-3.3910086154937744
-3.3910086154937744
-3.3910086154937744
-3.3910086154937744
-3.3910086154937744
-3.3910086154937744
-3.3910086154937744
-3.3910086154937744
-3.3910086154937744
-3.3910086154937744
-3.3910086154937744
-3.3910086154937744
-3.3910086154937744
-3.3910086154937744
-3.3910086154937744
-3.3910086154937744
-3.3910086154937744
