9.1860975662712E-4
6.639415682002436E-4
2.2296535171335564E-4
1.625487784622237E-5
0.0010969381415634415
3.0721543516847304E-4
5.260752193862572E-4
1.8822455749614164E-4
3.0721543516847304E-4
5.260752193862572E-4
0.0016008930542739108
3.0721543516847304E-4
3.327292164613027E-4
2.7428061730461196E-5
2.7568667064770125E-4
0.050060193539684404
2.7428061730461196E-5
3.7889957820880227E-4
1.0750398578238674E-4
1.0750398578238674E-4
0.0015476828935788943
1.0750398578238674E-4
1.0750398578238674E-4
0.0015476828935788943
1.0750398578238674E-4
6.12981071753893E-5
1.0750398578238674E-4
1.0750398578238674E-4
2.7568667064770125E-4
6.946629233425483E-4
0.0013091099710436538
2.7568667064770125E-4
3.0721543516847304E-4
9.970984683604911E-5
2.7568667064770125E-4
5.260752193862572E-4
2.7428061730461196E-5
2.7568667064770125E-4
1.0750398578238674E-4
2.7428061730461196E-5
2.7568667064770125E-4
3.7889957820880227E-4
1.0750398578238674E-4
2.7568667064770125E-4
0.00102914852250251
6.019279462634586E-5
2.7568667064770125E-4
1.0750398578238674E-4
6.019279462634586E-5
2.7568667064770125E-4
3.4328224064665845E-4
6.12981071753893E-5
2.7568667064770125E-4
2.7568667064770125E-4
6.12981071753893E-5
2.7568667064770125E-4
2.5683539715828376E-4
2.7568667064770125E-4
2.7568667064770125E-4
3.0721543516847304E-4
2.7568667064770125E-4
2.7568667064770125E-4
1.5030703580123372E-4
2.7568667064770125E-4
2.7568667064770125E-4
1.0750398578238674E-4
2.7568667064770125E-4
2.7568667064770125E-4
2.7568667064770125E-4
2.7568667064770125E-4
2.7568667064770125E-4
3.7889957820880227E-4
2.7568667064770125E-4
2.7568667064770125E-4
3.0240327687351963E-4
2.7568667064770125E-4
2.7568667064770125E-4
1.0750398578238674E-4
2.7568667064770125E-4
2.7568667064770125E-4
6.12981071753893E-5
2.7568667064770125E-4
2.7568667064770125E-4
2.7568667064770125E-4
2.7568667064770125E-4
2.7568667064770125E-4
2.7568667064770125E-4
2.7568667064770125E-4
2.7568667064770125E-4
2.7568667064770125E-4
2.7568667064770125E-4
2.7568667064770125E-4
2.7568667064770125E-4
2.7568667064770125E-4
2.7568667064770125E-4
2.7568667064770125E-4
2.7568667064770125E-4
2.7568667064770125E-4
2.7568667064770125E-4
2.7568667064770125E-4
2.7568667064770125E-4
2.7568667064770125E-4
2.7568667064770125E-4
2.7568667064770125E-4
2.7568667064770125E-4
2.7568667064770125E-4
2.7568667064770125E-4
2.7568667064770125E-4
2.7568667064770125E-4
2.7568667064770125E-4
2.7568667064770125E-4
2.7568667064770125E-4
2.7568667064770125E-4
2.7568667064770125E-4
2.7568667064770125E-4
2.7568667064770125E-4
2.7568667064770125E-4
2.7568667064770125E-4
2.7568667064770125E-4
2.7568667064770125E-4
2.7568667064770125E-4
2.7568667064770125E-4
2.7568667064770125E-4
2.7568667064770125E-4
2.7568667064770125E-4
2.7568667064770125E-4
2.7568667064770125E-4
2.7568667064770125E-4
2.7568667064770125E-4
2.7568667064770125E-4
2.7568667064770125E-4
2.7568667064770125E-4
2.7568667064770125E-4
2.7568667064770125E-4
2.7568667064770125E-4
2.7568667064770125E-4
2.7568667064770125E-4
2.7568667064770125E-4
2.7568667064770125E-4
2.7568667064770125E-4
2.7568667064770125E-4
2.7568667064770125E-4
2.7568667064770125E-4
2.7568667064770125E-4
2.7568667064770125E-4
2.7568667064770125E-4
2.7568667064770125E-4
2.7568667064770125E-4
2.7568667064770125E-4
2.7568667064770125E-4
2.7568667064770125E-4
2.7568667064770125E-4
2.7568667064770125E-4
2.7568667064770125E-4
2.7568667064770125E-4
2.7568667064770125E-4
2.7568667064770125E-4
2.7568667064770125E-4
2.7568667064770125E-4
2.7568667064770125E-4
2.7568667064770125E-4
2.7568667064770125E-4
2.7568667064770125E-4
2.7568667064770125E-4
2.7568667064770125E-4
2.7568667064770125E-4
2.7568667064770125E-4
2.7568667064770125E-4
2.7568667064770125E-4
2.7568667064770125E-4
2.7568667064770125E-4
2.7568667064770125E-4
2.7568667064770125E-4
2.7568667064770125E-4
2.7568667064770125E-4
2.7568667064770125E-4
2.7568667064770125E-4
2.7568667064770125E-4
2.7568667064770125E-4
2.7568667064770125E-4
2.7568667064770125E-4
2.7568667064770125E-4
2.7568667064770125E-4
2.7568667064770125E-4
2.7568667064770125E-4
2.7568667064770125E-4
2.7568667064770125E-4
2.7568667064770125E-4
2.7568667064770125E-4
2.7568667064770125E-4
2.7568667064770125E-4
2.7568667064770125E-4
2.7568667064770125E-4
2.7568667064770125E-4
2.7568667064770125E-4
2.7568667064770125E-4
2.7568667064770125E-4
2.7568667064770125E-4
2.7568667064770125E-4
2.7568667064770125E-4
2.7568667064770125E-4
2.7568667064770125E-4
2.7568667064770125E-4
2.7568667064770125E-4
2.7568667064770125E-4
2.7568667064770125E-4
2.7568667064770125E-4
2.7568667064770125E-4
2.7568667064770125E-4
2.7568667064770125E-4
2.7568667064770125E-4
2.7568667064770125E-4
2.7568667064770125E-4
2.7568667064770125E-4
2.7568667064770125E-4
2.7568667064770125E-4
2.7568667064770125E-4
2.7568667064770125E-4
2.7568667064770125E-4
2.7568667064770125E-4
2.7568667064770125E-4
2.7568667064770125E-4
2.7568667064770125E-4
2.7568667064770125E-4
