0.002074573279242031
6.639415682002436E-4
2.2296535171335564E-4
1.625487784622237E-5
0.0017281862077652478
3.0721543516847304E-4
9.088502440135926E-4
4.265527575626038E-4
3.0721543516847304E-4
5.721857654862106E-4
5.721857654862106E-4
3.0721543516847304E-4
1.5030703580123372E-4
2.7428061730461196E-5
2.7568667064770125E-4
2.7428061730461196E-5
2.7428061730461196E-5
3.7889957820880227E-4
1.0750398578238674E-4
1.0750398578238674E-4
0.0015476828935788943
1.0750398578238674E-4
1.0750398578238674E-4
4.47810921468772E-4
1.0750398578238674E-4
6.12981071753893E-5
1.0750398578238674E-4
1.0750398578238674E-4
4.5099755807314067E-4
0.0010018373344792054
0.0018455568089848385
4.5099755807314067E-4
3.0721543516847304E-4
1.425128968548961E-4
4.5099755807314067E-4
5.721857654862106E-4
2.7428061730461196E-5
4.5099755807314067E-4
1.5030703580123372E-4
2.7428061730461196E-5
4.5099755807314067E-4
0.010422917448886437
1.0750398578238674E-4
4.5099755807314067E-4
0.0019476829125778749
0.02006019309264957
4.5099755807314067E-4
4.605414425896015E-4
6.019279462634586E-5
4.5099755807314067E-4
4.0989339977386406E-4
6.12981071753893E-5
4.5099755807314067E-4
4.5099755807314067E-4
6.12981071753893E-5
4.5099755807314067E-4
0.0012529754763818345
4.5099755807314067E-4
4.5099755807314067E-4
3.0721543516847304E-4
4.5099755807314067E-4
4.5099755807314067E-4
1.5030703580123372E-4
4.5099755807314067E-4
4.5099755807314067E-4
1.0750398578238674E-4
4.5099755807314067E-4
4.5099755807314067E-4
2.7568667064770125E-4
4.5099755807314067E-4
4.5099755807314067E-4
3.7889957820880227E-4
4.5099755807314067E-4
4.5099755807314067E-4
4.605414425896015E-4
4.5099755807314067E-4
4.5099755807314067E-4
1.0750398578238674E-4
4.5099755807314067E-4
4.5099755807314067E-4
6.12981071753893E-5
4.5099755807314067E-4
4.5099755807314067E-4
4.5099755807314067E-4
4.5099755807314067E-4
4.5099755807314067E-4
4.5099755807314067E-4
4.5099755807314067E-4
4.5099755807314067E-4
4.5099755807314067E-4
4.5099755807314067E-4
4.5099755807314067E-4
4.5099755807314067E-4
4.5099755807314067E-4
4.5099755807314067E-4
4.5099755807314067E-4
4.5099755807314067E-4
4.5099755807314067E-4
4.5099755807314067E-4
4.5099755807314067E-4
4.5099755807314067E-4
4.5099755807314067E-4
4.5099755807314067E-4
4.5099755807314067E-4
4.5099755807314067E-4
4.5099755807314067E-4
4.5099755807314067E-4
4.5099755807314067E-4
4.5099755807314067E-4
4.5099755807314067E-4
4.5099755807314067E-4
4.5099755807314067E-4
4.5099755807314067E-4
4.5099755807314067E-4
4.5099755807314067E-4
4.5099755807314067E-4
4.5099755807314067E-4
4.5099755807314067E-4
4.5099755807314067E-4
4.5099755807314067E-4
4.5099755807314067E-4
4.5099755807314067E-4
4.5099755807314067E-4
4.5099755807314067E-4
4.5099755807314067E-4
4.5099755807314067E-4
4.5099755807314067E-4
4.5099755807314067E-4
4.5099755807314067E-4
4.5099755807314067E-4
4.5099755807314067E-4
4.5099755807314067E-4
4.5099755807314067E-4
4.5099755807314067E-4
4.5099755807314067E-4
4.5099755807314067E-4
4.5099755807314067E-4
4.5099755807314067E-4
4.5099755807314067E-4
4.5099755807314067E-4
4.5099755807314067E-4
4.5099755807314067E-4
4.5099755807314067E-4
4.5099755807314067E-4
4.5099755807314067E-4
4.5099755807314067E-4
4.5099755807314067E-4
4.5099755807314067E-4
4.5099755807314067E-4
4.5099755807314067E-4
4.5099755807314067E-4
4.5099755807314067E-4
4.5099755807314067E-4
4.5099755807314067E-4
4.5099755807314067E-4
4.5099755807314067E-4
4.5099755807314067E-4
4.5099755807314067E-4
4.5099755807314067E-4
4.5099755807314067E-4
4.5099755807314067E-4
4.5099755807314067E-4
4.5099755807314067E-4
4.5099755807314067E-4
4.5099755807314067E-4
4.5099755807314067E-4
4.5099755807314067E-4
4.5099755807314067E-4
4.5099755807314067E-4
4.5099755807314067E-4
4.5099755807314067E-4
4.5099755807314067E-4
4.5099755807314067E-4
4.5099755807314067E-4
4.5099755807314067E-4
4.5099755807314067E-4
4.5099755807314067E-4
4.5099755807314067E-4
4.5099755807314067E-4
4.5099755807314067E-4
4.5099755807314067E-4
4.5099755807314067E-4
4.5099755807314067E-4
4.5099755807314067E-4
4.5099755807314067E-4
4.5099755807314067E-4
4.5099755807314067E-4
4.5099755807314067E-4
4.5099755807314067E-4
4.5099755807314067E-4
4.5099755807314067E-4
4.5099755807314067E-4
4.5099755807314067E-4
4.5099755807314067E-4
4.5099755807314067E-4
4.5099755807314067E-4
4.5099755807314067E-4
4.5099755807314067E-4
4.5099755807314067E-4
4.5099755807314067E-4
4.5099755807314067E-4
4.5099755807314067E-4
4.5099755807314067E-4
4.5099755807314067E-4
4.5099755807314067E-4
4.5099755807314067E-4
4.5099755807314067E-4
4.5099755807314067E-4
4.5099755807314067E-4
4.5099755807314067E-4
4.5099755807314067E-4
4.5099755807314067E-4
4.5099755807314067E-4
4.5099755807314067E-4
4.5099755807314067E-4
4.5099755807314067E-4
4.5099755807314067E-4
4.5099755807314067E-4
4.5099755807314067E-4
4.5099755807314067E-4
4.5099755807314067E-4
4.5099755807314067E-4
4.5099755807314067E-4
4.5099755807314067E-4
