6.656338722677901E-4
4.958647936291527E-4
5.260752193862572E-4
1.625487784622237E-5
6.534558342536911E-5
3.0721543516847304E-4
3.0721543516847304E-4
3.576219140086323E-4
3.563061407476198E-4
3.1360419234260917E-4
3.1228841908159666E-4
2.4181662520277313E-4
2.3288362062885427E-4
2.7428061730461196E-5
1.0750398578238674E-4
2.7428061730461196E-5
2.7428061730461196E-5
1.9901357518392615E-4
0.010060192943637958
1.0750398578238674E-4
0.017883868607896147
0.010060192943637958
6.12981071753893E-5
1.0750398578238674E-4
4.853339625697117E-4
6.12981071753893E-5
6.12981071753893E-5
4.853339625697117E-4
1.0750398578238674E-4
9.970984683604911E-5
4.4168703898321836E-4
1.0750398578238674E-4
3.0721543516847304E-4
9.970984683604911E-5
1.0750398578238674E-4
2.7568667064770125E-4
2.7428061730461196E-5
1.0750398578238674E-4
2.7428061730461196E-5
2.7428061730461196E-5
1.0750398578238674E-4
2.4181662520277313E-4
1.0750398578238674E-4
1.0750398578238674E-4
0.0011045890852983576
2.7428061730461196E-5
1.0750398578238674E-4
6.12981071753893E-5
0.010060192943637958
1.0750398578238674E-4
1.0750398578238674E-4
6.12981071753893E-5
1.0750398578238674E-4
1.0750398578238674E-4
1.0750398578238674E-4
1.0750398578238674E-4
3.918684902600944E-4
1.0750398578238674E-4
1.0750398578238674E-4
3.563061407476198E-4
1.0750398578238674E-4
1.0750398578238674E-4
2.7428061730461196E-5
1.0750398578238674E-4
1.0750398578238674E-4
1.0750398578238674E-4
1.0750398578238674E-4
1.0750398578238674E-4
1.0750398578238674E-4
1.0750398578238674E-4
1.0750398578238674E-4
2.4181662520277313E-4
1.0750398578238674E-4
1.0750398578238674E-4
0.017883868607896147
1.0750398578238674E-4
1.0750398578238674E-4
1.0750398578238674E-4
1.0750398578238674E-4
1.0750398578238674E-4
6.12981071753893E-5
1.0750398578238674E-4
1.0750398578238674E-4
1.0750398578238674E-4
1.0750398578238674E-4
1.0750398578238674E-4
1.0750398578238674E-4
1.0750398578238674E-4
1.0750398578238674E-4
1.0750398578238674E-4
1.0750398578238674E-4
1.0750398578238674E-4
1.0750398578238674E-4
1.0750398578238674E-4
1.0750398578238674E-4
1.0750398578238674E-4
1.0750398578238674E-4
1.0750398578238674E-4
1.0750398578238674E-4
1.0750398578238674E-4
1.0750398578238674E-4
1.0750398578238674E-4
1.0750398578238674E-4
1.0750398578238674E-4
1.0750398578238674E-4
1.0750398578238674E-4
1.0750398578238674E-4
1.0750398578238674E-4
1.0750398578238674E-4
1.0750398578238674E-4
1.0750398578238674E-4
1.0750398578238674E-4
1.0750398578238674E-4
1.0750398578238674E-4
1.0750398578238674E-4
1.0750398578238674E-4
1.0750398578238674E-4
1.0750398578238674E-4
1.0750398578238674E-4
1.0750398578238674E-4
1.0750398578238674E-4
1.0750398578238674E-4
1.0750398578238674E-4
1.0750398578238674E-4
1.0750398578238674E-4
1.0750398578238674E-4
1.0750398578238674E-4
1.0750398578238674E-4
1.0750398578238674E-4
1.0750398578238674E-4
1.0750398578238674E-4
1.0750398578238674E-4
1.0750398578238674E-4
1.0750398578238674E-4
1.0750398578238674E-4
1.0750398578238674E-4
1.0750398578238674E-4
1.0750398578238674E-4
1.0750398578238674E-4
1.0750398578238674E-4
1.0750398578238674E-4
1.0750398578238674E-4
1.0750398578238674E-4
1.0750398578238674E-4
1.0750398578238674E-4
1.0750398578238674E-4
1.0750398578238674E-4
1.0750398578238674E-4
1.0750398578238674E-4
1.0750398578238674E-4
1.0750398578238674E-4
1.0750398578238674E-4
1.0750398578238674E-4
1.0750398578238674E-4
1.0750398578238674E-4
1.0750398578238674E-4
1.0750398578238674E-4
1.0750398578238674E-4
1.0750398578238674E-4
1.0750398578238674E-4
1.0750398578238674E-4
1.0750398578238674E-4
1.0750398578238674E-4
1.0750398578238674E-4
1.0750398578238674E-4
1.0750398578238674E-4
1.0750398578238674E-4
1.0750398578238674E-4
1.0750398578238674E-4
1.0750398578238674E-4
1.0750398578238674E-4
1.0750398578238674E-4
1.0750398578238674E-4
1.0750398578238674E-4
1.0750398578238674E-4
1.0750398578238674E-4
1.0750398578238674E-4
1.0750398578238674E-4
1.0750398578238674E-4
1.0750398578238674E-4
1.0750398578238674E-4
1.0750398578238674E-4
1.0750398578238674E-4
1.0750398578238674E-4
1.0750398578238674E-4
1.0750398578238674E-4
1.0750398578238674E-4
1.0750398578238674E-4
1.0750398578238674E-4
1.0750398578238674E-4
1.0750398578238674E-4
1.0750398578238674E-4
1.0750398578238674E-4
1.0750398578238674E-4
1.0750398578238674E-4
1.0750398578238674E-4
1.0750398578238674E-4
1.0750398578238674E-4
1.0750398578238674E-4
1.0750398578238674E-4
1.0750398578238674E-4
1.0750398578238674E-4
1.0750398578238674E-4
1.0750398578238674E-4
1.0750398578238674E-4
1.0750398578238674E-4
1.0750398578238674E-4
1.0750398578238674E-4
1.0750398578238674E-4
1.0750398578238674E-4
1.0750398578238674E-4
1.0750398578238674E-4
1.0750398578238674E-4
1.0750398578238674E-4
1.0750398578238674E-4
1.0750398578238674E-4
1.0750398578238674E-4
1.0750398578238674E-4
1.0750398578238674E-4
1.0750398578238674E-4
1.0750398578238674E-4
1.0750398578238674E-4
1.0750398578238674E-4
1.0750398578238674E-4
