5.306978142471053E-4
5.126142030349001E-4
5.617049086140468E-4
1.625487784622237E-5
9.80684567184653E-4
3.0721543516847304E-4
6.283160677412525E-4
6.460930890170857E-4
3.0721543516847304E-4
4.766957325045951E-4
4.208298123558052E-4
7.127042481442913E-4
4.208298123558052E-4
2.7428061730461196E-5
4.208298123558052E-4
2.7428061730461196E-5
2.7428061730461196E-5
5.243829153187107E-4
3.8291229066089727E-4
3.8291229066089727E-4
7.321956501982641E-4
6.081375213398132E-4
6.081375213398132E-4
8.310474426252767E-4
6.081375213398132E-4
3.3670641205389983E-4
6.081375213398132E-4
5.902271688682959E-4
8.310474426252767E-4
5.617049086140468E-4
5.126142030349001E-4
8.310474426252767E-4
2.2282725476543419E-4
9.970984683604911E-5
8.310474426252767E-4
4.208298123558052E-4
2.7428061730461196E-5
8.310474426252767E-4
4.208298123558052E-4
6.081375213398132E-4
8.310474426252767E-4
3.7382659429567865E-4
4.208298123558052E-4
8.310474426252767E-4
0.001180258227395825
0.002613337212096667
8.310474426252767E-4
5.902271688682959E-4
0.002613337212096667
8.310474426252767E-4
3.7462393374880775E-4
6.081375213398132E-4
8.310474426252767E-4
8.310474426252767E-4
3.7462393374880775E-4
8.310474426252767E-4
6.460930890170857E-4
8.310474426252767E-4
8.310474426252767E-4
3.0721543516847304E-4
8.310474426252767E-4
8.310474426252767E-4
3.8291229066089727E-4
8.310474426252767E-4
8.310474426252767E-4
4.208298123558052E-4
8.310474426252767E-4
8.310474426252767E-4
4.208298123558052E-4
8.310474426252767E-4
8.310474426252767E-4
5.243829153187107E-4
8.310474426252767E-4
8.310474426252767E-4
6.081375213398132E-4
8.310474426252767E-4
8.310474426252767E-4
3.3670641205389983E-4
8.310474426252767E-4
8.310474426252767E-4
3.7462393374880775E-4
8.310474426252767E-4
8.310474426252767E-4
3.7462393374880775E-4
8.310474426252767E-4
8.310474426252767E-4
8.310474426252767E-4
8.310474426252767E-4
8.310474426252767E-4
8.310474426252767E-4
8.310474426252767E-4
8.310474426252767E-4
8.310474426252767E-4
8.310474426252767E-4
8.310474426252767E-4
8.310474426252767E-4
8.310474426252767E-4
8.310474426252767E-4
8.310474426252767E-4
8.310474426252767E-4
8.310474426252767E-4
8.310474426252767E-4
8.310474426252767E-4
8.310474426252767E-4
8.310474426252767E-4
8.310474426252767E-4
8.310474426252767E-4
5.902271688682959E-4
8.310474426252767E-4
8.310474426252767E-4
8.310474426252767E-4
8.310474426252767E-4
8.310474426252767E-4
8.310474426252767E-4
8.310474426252767E-4
8.310474426252767E-4
8.310474426252767E-4
8.310474426252767E-4
8.310474426252767E-4
8.310474426252767E-4
8.310474426252767E-4
8.310474426252767E-4
8.310474426252767E-4
8.310474426252767E-4
8.310474426252767E-4
8.310474426252767E-4
8.310474426252767E-4
8.310474426252767E-4
8.310474426252767E-4
8.310474426252767E-4
8.310474426252767E-4
8.310474426252767E-4
8.310474426252767E-4
8.310474426252767E-4
8.310474426252767E-4
8.310474426252767E-4
8.310474426252767E-4
8.310474426252767E-4
8.310474426252767E-4
8.310474426252767E-4
8.310474426252767E-4
8.310474426252767E-4
8.310474426252767E-4
8.310474426252767E-4
8.310474426252767E-4
8.310474426252767E-4
8.310474426252767E-4
8.310474426252767E-4
8.310474426252767E-4
8.310474426252767E-4
8.310474426252767E-4
8.310474426252767E-4
8.310474426252767E-4
8.310474426252767E-4
8.310474426252767E-4
8.310474426252767E-4
8.310474426252767E-4
8.310474426252767E-4
8.310474426252767E-4
8.310474426252767E-4
8.310474426252767E-4
8.310474426252767E-4
8.310474426252767E-4
8.310474426252767E-4
8.310474426252767E-4
8.310474426252767E-4
8.310474426252767E-4
8.310474426252767E-4
8.310474426252767E-4
8.310474426252767E-4
8.310474426252767E-4
8.310474426252767E-4
8.310474426252767E-4
8.310474426252767E-4
8.310474426252767E-4
8.310474426252767E-4
8.310474426252767E-4
8.310474426252767E-4
8.310474426252767E-4
8.310474426252767E-4
8.310474426252767E-4
8.310474426252767E-4
8.310474426252767E-4
8.310474426252767E-4
8.310474426252767E-4
8.310474426252767E-4
8.310474426252767E-4
8.310474426252767E-4
8.310474426252767E-4
8.310474426252767E-4
8.310474426252767E-4
8.310474426252767E-4
8.310474426252767E-4
8.310474426252767E-4
8.310474426252767E-4
8.310474426252767E-4
8.310474426252767E-4
8.310474426252767E-4
8.310474426252767E-4
8.310474426252767E-4
8.310474426252767E-4
8.310474426252767E-4
8.310474426252767E-4
8.310474426252767E-4
8.310474426252767E-4
8.310474426252767E-4
8.310474426252767E-4
8.310474426252767E-4
8.310474426252767E-4
8.310474426252767E-4
8.310474426252767E-4
8.310474426252767E-4
8.310474426252767E-4
8.310474426252767E-4
8.310474426252767E-4
8.310474426252767E-4
8.310474426252767E-4
8.310474426252767E-4
8.310474426252767E-4
8.310474426252767E-4
8.310474426252767E-4
8.310474426252767E-4
8.310474426252767E-4
8.310474426252767E-4
