0.01463042626855895
0.009497306635603308
0.009497306635603308
0.009497306635603308
0.009497306635603308
0.008741740234351406
0.009497306635603308
0.009497306635603308
2.482337469700724E-4
0.009497306635603308
0.007780642619278902
0.009497306635603308
0.009497306635603308
0.009497306635603308
0.014891487006874133
0.009497306635603308
0.009497306635603308
0.009497306635603308
0.009497306635603308
0.009497306635603308
0.009497306635603308
0.009497306635603308
0.009497306635603308
0.009497306635603308
1.520920991121481E-4
0.009497306635603308
0.007798284637586524
0.009497306635603308
0.009497306635603308
0.009497306635603308
0.014956211927346886
0.009497306635603308
