2.200769764992098E-5
0.00191565805580467
0.00191565805580467
0.00191565805580467
0.00191565805580467
0.0030407392342264453
0.00191565805580467
0.00191565805580467
5.190890030159304E-4
0.00191565805580467
0.06788374003954231
8.673261812267205E-5
0.00191565805580467
0.00191565805580467
8.056868857238442E-4
0.00191565805580467
0.00191565805580467
0.00191565805580467
0.00191565805580467
0.00191565805580467
0.00191565805580467
1.1878390214405953E-4
0.00191565805580467
0.00191565805580467
8.673261812267205E-5
0.00191565805580467
2.200769764992098E-5
0.00191565805580467
0.00191565805580467
0.00191565805580467
2.83604256886368E-4
0.00191565805580467
