2.200769764992098E-5
0.0035842861824979385
0.0035842861824979385
0.0035842861824979385
0.0035842861824979385
0.0035842861824979385
0.0035842861824979385
0.0035842861824979385
0.0035842861824979385
0.0035842861824979385
0.0035842861824979385
0.0035842861824979385
0.0035842861824979385
0.0035842861824979385
0.0035842861824979385
0.0035842861824979385
0.0035842861824979385
0.0035842861824979385
0.0035842861824979385
0.0035842861824979385
0.0035842861824979385
5.4058981671308475E-5
0.0035842861824979385
0.0035842861824979385
5.4058981671308475E-5
0.0035842861824979385
5.4058981671308475E-5
0.0035842861824979385
0.0035842861824979385
0.0035842861824979385
0.0035842861824979385
0.0035842861824979385
