2.200769764992098E-5
0.0038491038295129934
0.0038491038295129934
0.0038491038295129934
0.0038491038295129934
0.005086827534250915
0.0038491038295129934
0.0038491038295129934
0.0010088723831965277
0.0038491038295129934
2.200769764992098E-5
0.0038491038295129934
0.0038491038295129934
0.0038491038295129934
0.0010268148054213575
0.0038491038295129934
0.0038491038295129934
0.0038491038295129934
0.0038491038295129934
0.0038491038295129934
0.0038491038295129934
5.4058981671308475E-5
0.0038491038295129934
0.0038491038295129934
2.5014998585296173E-4
0.0038491038295129934
2.200769764992098E-5
0.0038491038295129934
0.0038491038295129934
0.0038491038295129934
0.0038491038295129934
0.0038491038295129934
