0.024659090985854466
9.214876064409812E-4
9.214876064409812E-4
9.214876064409812E-4
9.214876064409812E-4
9.214876064409812E-4
9.214876064409812E-4
9.214876064409812E-4
9.214876064409812E-4
9.214876064409812E-4
9.214876064409812E-4
9.214876064409812E-4
9.214876064409812E-4
9.214876064409812E-4
9.214876064409812E-4
9.214876064409812E-4
9.214876064409812E-4
9.214876064409812E-4
9.214876064409812E-4
9.214876064409812E-4
9.214876064409812E-4
9.214876064409812E-4
9.214876064409812E-4
9.214876064409812E-4
9.214876064409812E-4
0.024659090985854466
9.214876064409812E-4
9.214876064409812E-4
9.214876064409812E-4
9.214876064409812E-4
9.214876064409812E-4
9.214876064409812E-4
9.214876064409812E-4
9.214876064409812E-4
9.214876064409812E-4
9.214876064409812E-4
9.214876064409812E-4
9.214876064409812E-4
9.214876064409812E-4
9.214876064409812E-4
9.214876064409812E-4
9.214876064409812E-4
9.214876064409812E-4
9.214876064409812E-4
9.214876064409812E-4
9.214876064409812E-4
9.214876064409812E-4
9.214876064409812E-4
9.214876064409812E-4
9.214876064409812E-4
9.214876064409812E-4
9.214876064409812E-4
9.214876064409812E-4
9.214876064409812E-4
9.214876064409812E-4
9.214876064409812E-4
9.214876064409812E-4
