0.5696066345578857
0.5185110304442905
0.5185110304442905
0.5185110304442905
0.5185110304442905
0.5185110304442905
0.5185110304442905
0.5185110304442905
0.5185110304442905
0.5185110304442905
0.5185110304442905
0.5185110304442905
0.5185110304442905
0.5185110304442905
0.5185110304442905
0.5185110304442905
0.5185110304442905
0.5185110304442905
0.5185110304442905
0.5185110304442905
0.5185110304442905
0.5185110304442905
0.5185110304442905
0.5185110304442905
0.5185110304442905
0.5696066345578857
0.5185110304442905
0.5185110304442905
0.5185110304442905
0.5185110304442905
0.5185110304442905
0.5185110304442905
0.5185110304442905
0.5185110304442905
0.5185110304442905
0.5185110304442905
0.5185110304442905
0.5185110304442905
0.5185110304442905
0.5185110304442905
0.5185110304442905
0.5185110304442905
0.5185110304442905
0.5185110304442905
0.5185110304442905
0.5185110304442905
0.5185110304442905
0.5185110304442905
0.5185110304442905
0.5185110304442905
0.5185110304442905
0.5185110304442905
0.5185110304442905
0.5185110304442905
0.5185110304442905
0.5185110304442905
0.5185110304442905
