1.35899019241333
-0.9742494821548462
-0.9742494821548462
-0.9742494821548462
-0.9742494821548462
-0.9742494821548462
-0.9742494821548462
-0.9742494821548462
-0.9742494821548462
-0.9742494821548462
-0.9742494821548462
-0.9742494821548462
-0.9742494821548462
-0.9742494821548462
-0.9742494821548462
-0.9742494821548462
-0.9742494821548462
-0.9742494821548462
-0.9742494821548462
-0.9742494821548462
-0.9742494821548462
-0.9742494821548462
-0.9742494821548462
-0.9742494821548462
-0.9742494821548462
-0.9742494821548462
-0.9742494821548462
-0.9742494821548462
-0.9742494821548462
-0.9742494821548462
-0.9742494821548462
-0.9742494821548462
-0.9742494821548462
-0.9742494821548462
-0.9742494821548462
-0.9742494821548462
-0.9742494821548462
-0.9742494821548462
-0.9742494821548462
-0.9742494821548462
-0.9742494821548462
-0.9742494821548462
-0.9742494821548462
-0.9742494821548462
-0.9742494821548462
-0.9742494821548462
-0.9742494821548462
-0.9742494821548462
-0.9742494821548462
-0.9742494821548462
-0.9742494821548462
-0.9742494821548462
-0.9742494821548462
-0.9742494821548462
-0.9742494821548462
-0.9742494821548462
-0.9742494821548462
-0.9742494821548462
-0.9742494821548462
-0.9742494821548462
-0.9742494821548462
-0.9742494821548462
-0.9742494821548462
-0.9742494821548462
-0.9742494821548462
-0.9742494821548462
-0.9742494821548462
-0.9742494821548462
-0.9742494821548462
-0.9742494821548462
-0.9742494821548462
-0.9742494821548462
-0.9742494821548462
-0.9742494821548462
-0.9742494821548462
-0.9742494821548462
-0.9742494821548462
-0.9742494821548462
-0.9742494821548462
-0.9742494821548462
-0.9742494821548462
