1.3774350881576538
-0.9742494821548462
-0.9742494821548462
-0.9742494821548462
-0.9742494821548462
-0.9742494821548462
-0.9742494821548462
-0.9742494821548462
-0.9742494821548462
-0.9742494821548462
-0.9742494821548462
-0.9742494821548462
-0.9742494821548462
-0.9742494821548462
-0.9742494821548462
-0.9742494821548462
-0.9742494821548462
-0.9742494821548462
-0.9742494821548462
-0.9742494821548462
-0.9742494821548462
-0.9742494821548462
-0.9742494821548462
-0.9742494821548462
-0.9742494821548462
-0.9742494821548462
-0.9742494821548462
-0.9742494821548462
-0.9742494821548462
-0.9742494821548462
-0.9742494821548462
-0.9742494821548462
-0.9742494821548462
-0.9742494821548462
-0.9742494821548462
-0.9742494821548462
-0.9742494821548462
-0.9742494821548462
-0.9742494821548462
-0.9742494821548462
-0.9742494821548462
-0.9742494821548462
-0.9742494821548462
-0.9742494821548462
-0.9742494821548462
-0.9742494821548462
-0.9742494821548462
-0.9742494821548462
-0.9742494821548462
-0.9742494821548462
-0.9742494821548462
-0.9742494821548462
-0.9742494821548462
-0.9742494821548462
-0.9742494821548462
-0.9742494821548462
-0.9742494821548462
-0.9742494821548462
-0.9742494821548462
-0.9742494821548462
-0.9742494821548462
-0.9742494821548462
-0.9742494821548462
-0.9742494821548462
-0.9742494821548462
-0.9742494821548462
-0.9742494821548462
-0.9742494821548462
-0.9742494821548462
-0.9742494821548462
-0.9742494821548462
-0.9742494821548462
-0.9742494821548462
-0.9742494821548462
-0.9742494821548462
-0.9742494821548462
-0.9742494821548462
-0.9742494821548462
-0.9742494821548462
-0.9742494821548462
-0.9742494821548462
