1.35899019241333
-1.3469059467315674
-1.3469059467315674
-1.3469059467315674
-1.3469059467315674
-1.3469059467315674
-1.3469059467315674
-1.3469059467315674
-0.9742494821548462
-1.3469059467315674
-0.9742494821548462
-0.9742494821548462
-1.3469059467315674
-1.3469059467315674
-1.3469059467315674
-1.3469059467315674
-1.3469059467315674
-1.3469059467315674
-1.3469059467315674
-1.3469059467315674
-1.3469059467315674
-1.3469059467315674
-1.3469059467315674
-1.3469059467315674
-1.3469059467315674
-1.3469059467315674
-1.3469059467315674
-1.3469059467315674
-1.3469059467315674
-1.3469059467315674
-1.3469059467315674
-1.3469059467315674
-1.3469059467315674
-1.3469059467315674
-1.3469059467315674
-1.3469059467315674
-1.3469059467315674
-1.3469059467315674
-1.3469059467315674
-1.3469059467315674
-1.3469059467315674
-1.3469059467315674
-1.3469059467315674
-1.3469059467315674
-1.3469059467315674
-1.3469059467315674
-1.3469059467315674
-1.3469059467315674
-1.3469059467315674
-1.3469059467315674
-1.3469059467315674
-1.3469059467315674
-1.3469059467315674
-1.3469059467315674
-1.3469059467315674
-1.3469059467315674
-1.3469059467315674
-1.3469059467315674
-1.3469059467315674
-1.3469059467315674
-1.3469059467315674
-1.3469059467315674
-1.3469059467315674
-1.3469059467315674
-1.3469059467315674
-1.3469059467315674
-1.3469059467315674
-1.3469059467315674
-1.3469059467315674
-1.3469059467315674
-1.3469059467315674
-1.3469059467315674
-1.3469059467315674
-1.3469059467315674
-1.3469059467315674
-1.3469059467315674
-1.3469059467315674
-1.3469059467315674
-1.3469059467315674
-1.3469059467315674
-1.3469059467315674
