-1.7491580247879028
-0.9742494821548462
-0.9742494821548462
-0.9742494821548462
-0.9742494821548462
-0.9742494821548462
-0.9742494821548462
-0.9742494821548462
-0.9742494821548462
-0.9742494821548462
-0.9742494821548462
-0.9742494821548462
-0.9742494821548462
-0.9742494821548462
-0.9742494821548462
-0.9742494821548462
-0.9742494821548462
-0.9742494821548462
-0.9742494821548462
-0.9742494821548462
-0.9742494821548462
-0.9742494821548462
-0.9742494821548462
-0.9742494821548462
-0.9742494821548462
-0.9742494821548462
-0.9742494821548462
-0.9742494821548462
-0.9742494821548462
-0.9742494821548462
-0.9742494821548462
-0.9742494821548462
-0.9742494821548462
-0.9742494821548462
-0.9742494821548462
-0.9742494821548462
-0.9742494821548462
-0.9742494821548462
-0.9742494821548462
-0.9742494821548462
-0.9742494821548462
-0.9742494821548462
-0.9742494821548462
-0.9742494821548462
-0.9742494821548462
-0.9742494821548462
-0.9742494821548462
-0.9742494821548462
-0.9742494821548462
-0.9742494821548462
-0.9742494821548462
-0.9742494821548462
-0.9742494821548462
-0.9742494821548462
-0.9742494821548462
-0.9742494821548462
-0.9742494821548462
-0.9742494821548462
-0.9742494821548462
-0.9742494821548462
-0.9742494821548462
-0.9742494821548462
-0.9742494821548462
-0.9742494821548462
-0.9742494821548462
-0.9742494821548462
-0.9742494821548462
-0.9742494821548462
-0.9742494821548462
-0.9742494821548462
-0.9742494821548462
-0.9742494821548462
-0.9742494821548462
-0.9742494821548462
-0.9742494821548462
-0.9742494821548462
-0.9742494821548462
-0.9742494821548462
-0.9742494821548462
-0.9742494821548462
-0.9742494821548462
