0.005878030997700989
0.005878030997700989
0.005878030997700989
0.005878030997700989
0.005784671625588089
0.005878030997700989
0.005878030997700989
0.02588072477374226
0.005878030997700989
0.005784671625588089
0.005878030997700989
0.005878030997700989
0.005878030997700989
0.005878030997700989
0.005784671625588089
0.0057493760250508785
0.005878030997700989
0.005878030997700989
0.005878030997700989
0.005784671625588089
0.005784671625588089
0.005878030997700989
0.005784671625588089
0.005784671625588089
0.005784671625588089
0.005784671625588089
0.005784671625588089
0.005784671625588089
0.005784671625588089
0.005784671625588089
0.005784671625588089
0.005784671625588089
0.005878030997700989
0.005878030997700989
0.005784671625588089
0.005878030997700989
0.005878030997700989
0.005784671625588089
2.0332373290633162E-4
0.005784671625588089
0.005878030997700989
0.005878030997700989
0.005878030997700989
0.005784671625588089
0.005784671625588089
0.005878030997700989
0.005784671625588089
0.005878030997700989
0.005878030997700989
0.005784671625588089
0.005878030997700989
0.005878030997700989
0.005784671625588089
0.005784671625588089
0.005784671625588089
0.005784671625588089
0.005784671625588089
0.005784671625588089
0.005784671625588089
0.005784671625588089
0.005784671625588089
0.005784671625588089
0.005878030997700989
0.005784671625588089
0.005784671625588089
0.005878030997700989
0.005878030997700989
0.005784671625588089
0.005878030997700989
0.005784671625588089
0.005878030997700989
0.005878030997700989
0.005784671625588089
0.005784671625588089
0.005784671625588089
0.005784671625588089
0.005784671625588089
0.005878030997700989
0.005784671625588089
0.005784671625588089
0.0057493760250508785
0.005784671625588089
0.005784671625588089
0.005784671625588089
0.005784671625588089
0.005784671625588089
0.005784671625588089
0.005784671625588089
0.005784671625588089
0.005784671625588089
0.005784671625588089
0.005784671625588089
0.005784671625588089
0.005784671625588089
0.005784671625588089
0.005784671625588089
0.005784671625588089
0.005784671625588089
0.005784671625588089
0.005784671625588089
0.005784671625588089
0.005784671625588089
0.005784671625588089
0.005784671625588089
0.005784671625588089
0.005784671625588089
0.005784671625588089
0.005784671625588089
0.005784671625588089
0.005784671625588089
0.005784671625588089
0.005784671625588089
0.005784671625588089
0.005784671625588089
