0.02588072477374226
0.0038616674952208995
5.090891111952563E-4
3.000564819861514E-4
5.454768252093345E-4
8.76543178067853E-4
2.711964523768984E-4
9.288307628594339E-4
2.711964523768984E-4
5.454768252093345E-4
2.711964523768984E-4
8.76543178067853E-4
2.711964523768984E-4
0.003123918695685764
5.454768252093345E-4
0.0014613385040623446
7.99254048615694E-4
0.0020046356211726865
5.878621149652947E-4
5.454768252093345E-4
5.454768252093345E-4
5.878621149652947E-4
5.454768252093345E-4
5.454768252093345E-4
5.454768252093345E-4
5.454768252093345E-4
5.454768252093345E-4
5.454768252093345E-4
5.454768252093345E-4
5.454768252093345E-4
5.454768252093345E-4
5.454768252093345E-4
2.711964523768984E-4
2.711964523768984E-4
5.454768252093345E-4
8.160924408002757E-4
2.711964523768984E-4
5.454768252093345E-4
2.711964523768984E-4
5.454768252093345E-4
2.711964523768984E-4
0.002600142984495809
8.76543178067853E-4
5.454768252093345E-4
5.454768252093345E-4
0.011131328099872917
5.454768252093345E-4
5.878621149652947E-4
0.0020046356211726865
5.454768252093345E-4
0.0020046356211726865
5.878621149652947E-4
5.454768252093345E-4
5.454768252093345E-4
5.454768252093345E-4
5.454768252093345E-4
5.454768252093345E-4
5.454768252093345E-4
5.454768252093345E-4
5.454768252093345E-4
5.454768252093345E-4
5.454768252093345E-4
3.000564819861514E-4
5.454768252093345E-4
5.454768252093345E-4
0.0048736472070838015
0.001263101096265018
5.454768252093345E-4
8.76543178067853E-4
5.454768252093345E-4
9.288307628594339E-4
0.002173378923907876
5.454768252093345E-4
5.454768252093345E-4
5.454768252093345E-4
5.454768252093345E-4
5.454768252093345E-4
0.0030360138160176577
5.454768252093345E-4
5.454768252093345E-4
2.0006279228255153E-4
5.454768252093345E-4
5.454768252093345E-4
5.454768252093345E-4
5.454768252093345E-4
5.454768252093345E-4
5.454768252093345E-4
5.454768252093345E-4
5.454768252093345E-4
5.454768252093345E-4
5.454768252093345E-4
5.454768252093345E-4
5.454768252093345E-4
5.454768252093345E-4
5.454768252093345E-4
5.454768252093345E-4
5.454768252093345E-4
5.454768252093345E-4
5.454768252093345E-4
5.454768252093345E-4
5.454768252093345E-4
5.454768252093345E-4
5.454768252093345E-4
5.454768252093345E-4
5.454768252093345E-4
5.454768252093345E-4
5.454768252093345E-4
5.454768252093345E-4
5.454768252093345E-4
5.454768252093345E-4
5.454768252093345E-4
5.454768252093345E-4
5.454768252093345E-4
5.454768252093345E-4
