1.7861541370317962E-4
1.7290276009589433E-4
1.7290276009589433E-4
1.7290276009589433E-4
7.954338798299432E-5
1.7290276009589433E-4
1.7290276009589433E-4
1.7290276009589433E-4
1.7290276009589433E-4
7.954338798299432E-5
1.7290276009589433E-4
1.7290276009589433E-4
1.7290276009589433E-4
1.7290276009589433E-4
7.954338798299432E-5
1.7290276009589433E-4
4.424778744578361E-5
4.424778744578361E-5
4.424778744578361E-5
7.954338798299432E-5
7.954338798299432E-5
4.424778744578361E-5
7.954338798299432E-5
7.954338798299432E-5
7.954338798299432E-5
7.954338798299432E-5
7.954338798299432E-5
7.954338798299432E-5
7.954338798299432E-5
7.954338798299432E-5
7.954338798299432E-5
7.954338798299432E-5
1.7290276009589433E-4
1.7290276009589433E-4
7.954338798299432E-5
0.02588072477374226
1.7290276009589433E-4
7.954338798299432E-5
1.7290276009589433E-4
7.954338798299432E-5
1.7290276009589433E-4
1.7290276009589433E-4
1.7290276009589433E-4
7.954338798299432E-5
7.954338798299432E-5
1.7290276009589433E-4
7.954338798299432E-5
4.424778744578361E-5
4.424778744578361E-5
7.954338798299432E-5
4.424778744578361E-5
4.424778744578361E-5
7.954338798299432E-5
7.954338798299432E-5
7.954338798299432E-5
7.954338798299432E-5
7.954338798299432E-5
7.954338798299432E-5
7.954338798299432E-5
7.954338798299432E-5
7.954338798299432E-5
7.954338798299432E-5
1.7290276009589433E-4
7.954338798299432E-5
7.954338798299432E-5
1.7861541370317962E-4
2.0332373290633162E-4
7.954338798299432E-5
1.7290276009589433E-4
7.954338798299432E-5
1.7290276009589433E-4
1.7290276009589433E-4
7.954338798299432E-5
7.954338798299432E-5
7.954338798299432E-5
7.954338798299432E-5
7.954338798299432E-5
4.424778744578361E-5
7.954338798299432E-5
7.954338798299432E-5
7.954338798299432E-5
7.954338798299432E-5
7.954338798299432E-5
7.954338798299432E-5
7.954338798299432E-5
7.954338798299432E-5
7.954338798299432E-5
7.954338798299432E-5
7.954338798299432E-5
7.954338798299432E-5
7.954338798299432E-5
7.954338798299432E-5
7.954338798299432E-5
7.954338798299432E-5
7.954338798299432E-5
7.954338798299432E-5
7.954338798299432E-5
7.954338798299432E-5
7.954338798299432E-5
7.954338798299432E-5
7.954338798299432E-5
7.954338798299432E-5
7.954338798299432E-5
7.954338798299432E-5
7.954338798299432E-5
7.954338798299432E-5
7.954338798299432E-5
7.954338798299432E-5
7.954338798299432E-5
7.954338798299432E-5
7.954338798299432E-5
7.954338798299432E-5
7.954338798299432E-5
7.954338798299432E-5
