2.0903638651361688E-4
2.0903638651361688E-4
2.0903638651361688E-4
2.0903638651361688E-4
1.099643607934316E-4
2.0903638651361688E-4
2.0903638651361688E-4
2.0903638651361688E-4
2.0903638651361688E-4
1.099643607934316E-4
2.0903638651361688E-4
2.0903638651361688E-4
2.0903638651361688E-4
2.0903638651361688E-4
1.099643607934316E-4
2.0903638651361688E-4
2.0332373290633162E-4
2.0903638651361688E-4
2.0332373290633162E-4
1.099643607934316E-4
1.099643607934316E-4
1.099643607934316E-4
1.099643607934316E-4
1.099643607934316E-4
1.099643607934316E-4
1.099643607934316E-4
1.099643607934316E-4
1.099643607934316E-4
1.099643607934316E-4
1.099643607934316E-4
1.099643607934316E-4
1.099643607934316E-4
2.0903638651361688E-4
2.0903638651361688E-4
1.099643607934316E-4
2.0903638651361688E-4
2.0903638651361688E-4
1.099643607934316E-4
2.0903638651361688E-4
1.099643607934316E-4
2.0903638651361688E-4
2.0903638651361688E-4
2.0903638651361688E-4
1.099643607934316E-4
1.099643607934316E-4
2.0903638651361688E-4
1.099643607934316E-4
2.0332373290633162E-4
2.0332373290633162E-4
1.099643607934316E-4
2.0903638651361688E-4
0.02588072477374226
1.099643607934316E-4
1.099643607934316E-4
1.099643607934316E-4
1.099643607934316E-4
1.099643607934316E-4
1.099643607934316E-4
1.099643607934316E-4
1.099643607934316E-4
1.099643607934316E-4
1.099643607934316E-4
2.0903638651361688E-4
1.099643607934316E-4
1.099643607934316E-4
2.0903638651361688E-4
2.0903638651361688E-4
1.099643607934316E-4
2.0903638651361688E-4
1.099643607934316E-4
2.0903638651361688E-4
2.0903638651361688E-4
1.099643607934316E-4
1.099643607934316E-4
1.099643607934316E-4
1.099643607934316E-4
1.099643607934316E-4
2.0903638651361688E-4
1.099643607934316E-4
1.099643607934316E-4
4.469290453319748E-4
1.099643607934316E-4
1.099643607934316E-4
1.099643607934316E-4
1.099643607934316E-4
1.099643607934316E-4
1.099643607934316E-4
1.099643607934316E-4
1.099643607934316E-4
1.099643607934316E-4
1.099643607934316E-4
1.099643607934316E-4
1.099643607934316E-4
1.099643607934316E-4
1.099643607934316E-4
1.099643607934316E-4
1.099643607934316E-4
1.099643607934316E-4
1.099643607934316E-4
1.099643607934316E-4
1.099643607934316E-4
1.099643607934316E-4
1.099643607934316E-4
1.099643607934316E-4
1.099643607934316E-4
1.099643607934316E-4
1.099643607934316E-4
1.099643607934316E-4
1.099643607934316E-4
1.099643607934316E-4
1.099643607934316E-4
1.099643607934316E-4
1.099643607934316E-4
1.099643607934316E-4
