0.01821195851662196
2.0574780840737123E-4
0.0015525283408351243
0.01821195851662196
1.5810903278179467E-4
1.5810903278179467E-4
1.5810903278179467E-4
1.5810903278179467E-4
1.5810903278179467E-4
1.5810903278179467E-4
1.5810903278179467E-4
1.5810903278179467E-4
1.5810903278179467E-4
1.5810903278179467E-4
1.5810903278179467E-4
1.5810903278179467E-4
1.5810903278179467E-4
1.5810903278179467E-4
0.018255707124869028
0.04649125412106514
1.5810903278179467E-4
1.5810903278179467E-4
1.5810903278179467E-4
1.5810903278179467E-4
1.5810903278179467E-4
1.5810903278179467E-4
1.5810903278179467E-4
1.5810903278179467E-4
1.5810903278179467E-4
1.5810903278179467E-4
