0.004205338082586726
1.5810903278179467E-4
0.0015525283408351243
0.004205338082586726
0.034271228325087576
0.0015525283408351243
0.0015525283408351243
0.0015525283408351243
0.0015525283408351243
0.0015525283408351243
0.0015525283408351243
0.0015525283408351243
0.0015525283408351243
0.0015525283408351243
0.0015525283408351243
0.0015525283408351243
0.0015525283408351243
0.0015525283408351243
0.0015525283408351243
0.0015525283408351243
0.0015525283408351243
0.0015525283408351243
0.0015525283408351243
3.096316805264602E-4
0.0015525283408351243
0.0015525283408351243
0.0015525283408351243
0.0015525283408351243
0.0015525283408351243
0.0015525283408351243
