0.0015838272462133317
1.8940793816000224E-4
0.04649125412106514
0.0015838272462133317
0.04649125412106514
3.096316805264602E-4
1.5810903278179467E-4
1.5810903278179467E-4
1.5810903278179467E-4
1.5810903278179467E-4
1.5810903278179467E-4
1.5810903278179467E-4
1.5810903278179467E-4
1.5810903278179467E-4
1.5810903278179467E-4
1.5810903278179467E-4
1.5810903278179467E-4
1.5810903278179467E-4
1.5810903278179467E-4
1.5810903278179467E-4
1.5810903278179467E-4
1.5810903278179467E-4
1.5810903278179467E-4
2.0574780840737123E-4
1.5810903278179467E-4
1.5810903278179467E-4
1.5810903278179467E-4
1.5810903278179467E-4
1.5810903278179467E-4
1.5810903278179467E-4
