0.04649125412106514
2.0574780840737123E-4
3.7079375664082667E-4
0.04649125412106514
0.06408283733374749
3.7079375664082667E-4
3.7079375664082667E-4
3.7079375664082667E-4
3.7079375664082667E-4
3.7079375664082667E-4
3.7079375664082667E-4
3.7079375664082667E-4
3.7079375664082667E-4
3.7079375664082667E-4
3.7079375664082667E-4
3.7079375664082667E-4
3.7079375664082667E-4
3.7079375664082667E-4
3.7079375664082667E-4
3.7079375664082667E-4
3.7079375664082667E-4
3.7079375664082667E-4
3.7079375664082667E-4
3.7079375664082667E-4
3.7079375664082667E-4
3.7079375664082667E-4
3.7079375664082667E-4
3.7079375664082667E-4
3.7079375664082667E-4
3.7079375664082667E-4
