0.04649125412106514
0.010833029712860784
3.7079375664082667E-4
2.0574780840737123E-4
3.7079375664082667E-4
3.7079375664082667E-4
3.7079375664082667E-4
3.7079375664082667E-4
3.7079375664082667E-4
3.7079375664082667E-4
3.7079375664082667E-4
3.7079375664082667E-4
3.7079375664082667E-4
3.7079375664082667E-4
3.7079375664082667E-4
3.7079375664082667E-4
3.7079375664082667E-4
3.7079375664082667E-4
3.7079375664082667E-4
3.7079375664082667E-4
3.7079375664082667E-4
3.7079375664082667E-4
3.7079375664082667E-4
3.7079375664082667E-4
3.7079375664082667E-4
3.7079375664082667E-4
3.7079375664082667E-4
3.7079375664082667E-4
3.7079375664082667E-4
3.7079375664082667E-4
