0.0015838272462133317
2.0574780840737123E-4
0.046062258258461955
0.0015838272462133317
1.5810903278179467E-4
1.5810903278179467E-4
1.5810903278179467E-4
0.0015525283408351243
1.5810903278179467E-4
1.5810903278179467E-4
1.5810903278179467E-4
1.5810903278179467E-4
1.5810903278179467E-4
1.5810903278179467E-4
1.5810903278179467E-4
1.5810903278179467E-4
1.5810903278179467E-4
1.5810903278179467E-4
1.5810903278179467E-4
1.5810903278179467E-4
3.666515947164347E-4
0.046062258258461955
1.5810903278179467E-4
1.5810903278179467E-4
1.5810903278179467E-4
1.5810903278179467E-4
1.5810903278179467E-4
1.5810903278179467E-4
1.5810903278179467E-4
1.5810903278179467E-4
