0.04649125412106514
0.04649125412106514
3.7079375664082667E-4
3.7079375664082667E-4
3.7079375664082667E-4
3.7079375664082667E-4
3.7079375664082667E-4
3.7079375664082667E-4
3.7079375664082667E-4
3.7079375664082667E-4
3.7079375664082667E-4
3.7079375664082667E-4
3.7079375664082667E-4
3.7079375664082667E-4
3.7079375664082667E-4
3.7079375664082667E-4
3.7079375664082667E-4
3.7079375664082667E-4
3.7079375664082667E-4
3.7079375664082667E-4
3.7079375664082667E-4
3.7079375664082667E-4
3.7079375664082667E-4
3.7079375664082667E-4
3.7079375664082667E-4
3.7079375664082667E-4
3.7079375664082667E-4
3.7079375664082667E-4
3.7079375664082667E-4
3.7079375664082667E-4
