6.2238055979833E-4
2.0574780840737123E-4
0.04649125412106514
6.2238055979833E-4
1.5810903278179467E-4
1.5810903278179467E-4
1.5810903278179467E-4
1.8070790295799573E-4
1.5810903278179467E-4
1.5810903278179467E-4
1.5810903278179467E-4
1.5810903278179467E-4
1.5810903278179467E-4
1.5810903278179467E-4
1.5810903278179467E-4
1.5810903278179467E-4
1.5810903278179467E-4
1.5810903278179467E-4
1.5810903278179467E-4
1.5810903278179467E-4
1.5810903278179467E-4
1.5810903278179467E-4
1.5810903278179467E-4
1.5810903278179467E-4
0.0015525283408351243
1.5810903278179467E-4
1.5810903278179467E-4
1.102413225453347E-4
0.04649125412106514
1.5810903278179467E-4
