6.2238055979833E-4
2.0574780840737123E-4
0.054515615850687024
6.2238055979833E-4
1.5810903278179467E-4
1.5810903278179467E-4
0.0015525283408351243
1.8070790295799573E-4
1.5810903278179467E-4
1.5810903278179467E-4
1.102413225453347E-4
1.5810903278179467E-4
1.5810903278179467E-4
0.0012555405672173947
0.054515615850687024
1.5810903278179467E-4
1.5810903278179467E-4
1.5810903278179467E-4
1.5810903278179467E-4
1.5810903278179467E-4
1.5810903278179467E-4
1.5810903278179467E-4
1.5810903278179467E-4
1.5810903278179467E-4
1.5810903278179467E-4
1.5810903278179467E-4
1.5810903278179467E-4
1.5810903278179467E-4
1.5810903278179467E-4
1.5810903278179467E-4
