0.0015838272462133317
2.0574780840737123E-4
0.04649125412106514
0.0015838272462133317
1.5810903278179467E-4
1.5810903278179467E-4
1.5810903278179467E-4
1.9704777320536475E-4
1.5810903278179467E-4
1.5810903278179467E-4
1.5810903278179467E-4
1.5810903278179467E-4
1.5810903278179467E-4
1.5810903278179467E-4
1.5810903278179467E-4
1.5810903278179467E-4
1.5810903278179467E-4
1.5810903278179467E-4
1.5810903278179467E-4
1.5810903278179467E-4
1.5810903278179467E-4
1.5810903278179467E-4
0.04649125412106514
1.5810903278179467E-4
1.5810903278179467E-4
1.5810903278179467E-4
1.5810903278179467E-4
1.5810903278179467E-4
1.5810903278179467E-4
1.5810903278179467E-4
